"success","rt","trial_type","trial_index","plugin_version","time_elapsed","stimulus","response","key","timeout","failed_images","failed_audio","failed_video","correct_choice","correct_image","response_letter","correct","response_time"
"true","5983","fullscreen","0","null","6994","","","","","","","","","","","",""
"","3985","html-keyboard-response","1","2.0.0","10982","
    <div class=""jspsych-html-keyboard-response-stimulus"">
      <p style=""font-size: 48px;"">Welcome to the experiment! 😊</p>
      <p style=""font-size: 36px;"">Press any key to begin.</p>
    </div>
  ","m","","","","","","","","","",""
"","8222","html-keyboard-response","2","2.0.0","19205","
    <div><p style=""font-size: 36px; margin-bottom: 15px;"">Consent Form</p></div>
    <div style=""width: 80%; height: auto; max-height: 600px; margin: auto; overflow-y: scroll; padding: 20px; border: 1px solid #ccc; font-size: 16px; line-height: 1.6; text-align: left;"">
     <p>
        You are being invited to participate in a research study titled 
        “Reproducibility of Psychological Science and Instruction.” This study is being done by 
        Dr. Bria Long from UC San Diego and associated graduate students in the Experimental Methods course. 
        You were selected to participate in this study because you are an adult in the U.S. and have been a 
        represented population in previous psychology studies.
      </p>
      <br>
      <p>
        The purpose of this study is to better understand how well previously published studies in the 
        psychological field replicate online and with different populations. Your participation in this 
        research should last approximately 5-30 minutes. If you agree to take part in this study, you may 
        be asked to view a set of stimuli, including pictures, sounds, written text, or videos and then give 
        some responses via key presses, verbally, or with paper-and-pencil. We may also observe your choices 
        or preferences among an array of stimuli. These stimuli will be taken directly from or closely adapted 
        from studies that already exist in the published psychological literature. Stimuli will include, e.g., 
        pictures of objects and human faces, audio and video clips, short text passages, etc. None of the stimuli 
        will be disturbing, threatening, or offensive. The online and in-person experiments described in this protocol 
        will take no more than 30 minutes. An example game you might play would be to click on an image on the screen 
        that matches a word you hear being said out loud. Your total expected time commitment for this study is between 
        5-30 minutes, and is specified in the study description.
      </p>
      <br>
      <p>
        Your participation in this study is completely voluntary and you can withdraw at any time. Choosing not to 
        participate or withdrawing will result in no penalty or loss of benefits to which you are entitled. You are 
        free to skip any question that you choose.
      </p>
      <br>
      <p>
        We will not be asking for any personally identifying information, and we will handle responses as 
        confidentially as possible. Your SONA or Prolific IDs will never be tied to your responses on this survey. 
        However, we cannot guarantee the confidentiality of information transmitted over the Internet. To minimize this risk, 
        data containing anything that might be personally identifiable (e.g. Prolific IDs or IP addresses) will be encrypted 
        on transfer and storage and will only be accessible to qualified lab personnel. We will be keeping data collected as 
        part of this experiment indefinitely. This anonymized data (containing neither Prolific IDs nor IP addresses) may be 
        shared with the scientific community or with other participants to be used as stimuli in future studies.
      </p>
      <br>
      <p>
        If you have questions about this project or if you have a research-related problem, you may contact the researcher(s), 
        Dr. Bria Long, brlong@ucsd.edu. If you have any questions concerning your rights as a research subject, you may 
        contact the UC San Diego Office of IRB Administration at irb@ucsd.edu or 858-246-4777.
      </p>
      <br>
      <p>
        By participating in this research, you are indicating that you are at least 18 years old, have read this consent form, 
        and agree to participate in this research study. Please keep this consent form for your records.
      </p>
      <br>
      <p style=""text-align: center; font-weight: bold; margin-top: 20px;"">
        Press any key to proceed.
      </p>
    </div>
  ","k","","","","","","","","","",""
"","14580","html-keyboard-response","3","2.0.0","41800","","","m","","","","","","","","",""
"","","html-keyboard-response","4","2.0.0","47641","","3","","","","","","","","","",""
"","11188","html-keyboard-response","5","2.0.0","68350","","","l","","","","","","","","",""
"true","","preload","6","2.0.0","68536","","","","false","[]","[]","[]","","","","",""
"true","","preload","7","2.0.0","68700","","","","false","[]","[]","[]","","","","",""
"","null","html-keyboard-response","8","2.0.0","69711","
      <div class=""image-container"">
        <img src=""https://raw.githubusercontent.com/ucsd-psych201a/yu2007/7bcb1cdc5b4b7353d59e9a094362a2834d72f3fa/stimuli/condition2/image/13.jpg"" alt=""Image 1"">
        <img src=""https://raw.githubusercontent.com/ucsd-psych201a/yu2007/7bcb1cdc5b4b7353d59e9a094362a2834d72f3fa/stimuli/condition2/image/10.jpg"" alt=""Image 2"">
        <img src=""https://raw.githubusercontent.com/ucsd-psych201a/yu2007/7bcb1cdc5b4b7353d59e9a094362a2834d72f3fa/stimuli/condition2/image/16.jpg"" alt=""Image 3"">
      </div>
    ","null","","","","","","","","","",""
"","null","html-keyboard-response","9","2.0.0","78718","
      <div class=""image-container"">
        <img src=""https://raw.githubusercontent.com/ucsd-psych201a/yu2007/7bcb1cdc5b4b7353d59e9a094362a2834d72f3fa/stimuli/condition2/image/13.jpg"" alt=""Image 1"">
        <img src=""https://raw.githubusercontent.com/ucsd-psych201a/yu2007/7bcb1cdc5b4b7353d59e9a094362a2834d72f3fa/stimuli/condition2/image/10.jpg"" alt=""Image 2"">
        <img src=""https://raw.githubusercontent.com/ucsd-psych201a/yu2007/7bcb1cdc5b4b7353d59e9a094362a2834d72f3fa/stimuli/condition2/image/16.jpg"" alt=""Image 3"">
      </div>
      <div class=""timer"">Time Remaining: <span id=""timer"">6</span> seconds</div>
      <audio id=""audio_a"">
        <source src=""https://raw.githubusercontent.com/ucsd-psych201a/yu2007/7bcb1cdc5b4b7353d59e9a094362a2834d72f3fa/stimuli/condition2/audio/13.mp3"" type=""audio/mp3"">
      </audio>
      <audio id=""audio_b"">
        <source src=""https://raw.githubusercontent.com/ucsd-psych201a/yu2007/7bcb1cdc5b4b7353d59e9a094362a2834d72f3fa/stimuli/condition2/audio/16.mp3"" type=""audio/mp3"">
      </audio>
      <audio id=""audio_c"">
        <source src=""https://raw.githubusercontent.com/ucsd-psych201a/yu2007/7bcb1cdc5b4b7353d59e9a094362a2834d72f3fa/stimuli/condition2/audio/10.mp3"" type=""audio/mp3"">
      </audio>
     ","null","","","","","","","","","",""
"true","","preload","10","2.0.0","78720","","","","false","[]","[]","[]","","","","",""
"","null","html-keyboard-response","11","2.0.0","79725","
      <div class=""image-container"">
        <img src=""https://raw.githubusercontent.com/ucsd-psych201a/yu2007/7bcb1cdc5b4b7353d59e9a094362a2834d72f3fa/stimuli/condition2/image/5.jpg"" alt=""Image 1"">
        <img src=""https://raw.githubusercontent.com/ucsd-psych201a/yu2007/7bcb1cdc5b4b7353d59e9a094362a2834d72f3fa/stimuli/condition2/image/3.jpg"" alt=""Image 2"">
        <img src=""https://raw.githubusercontent.com/ucsd-psych201a/yu2007/7bcb1cdc5b4b7353d59e9a094362a2834d72f3fa/stimuli/condition2/image/1.jpg"" alt=""Image 3"">
      </div>
    ","null","","","","","","","","","",""
"","null","html-keyboard-response","12","2.0.0","88731","
      <div class=""image-container"">
        <img src=""https://raw.githubusercontent.com/ucsd-psych201a/yu2007/7bcb1cdc5b4b7353d59e9a094362a2834d72f3fa/stimuli/condition2/image/5.jpg"" alt=""Image 1"">
        <img src=""https://raw.githubusercontent.com/ucsd-psych201a/yu2007/7bcb1cdc5b4b7353d59e9a094362a2834d72f3fa/stimuli/condition2/image/3.jpg"" alt=""Image 2"">
        <img src=""https://raw.githubusercontent.com/ucsd-psych201a/yu2007/7bcb1cdc5b4b7353d59e9a094362a2834d72f3fa/stimuli/condition2/image/1.jpg"" alt=""Image 3"">
      </div>
      <div class=""timer"">Time Remaining: <span id=""timer"">6</span> seconds</div>
      <audio id=""audio_a"">
        <source src=""https://raw.githubusercontent.com/ucsd-psych201a/yu2007/7bcb1cdc5b4b7353d59e9a094362a2834d72f3fa/stimuli/condition2/audio/1.mp3"" type=""audio/mp3"">
      </audio>
      <audio id=""audio_b"">
        <source src=""https://raw.githubusercontent.com/ucsd-psych201a/yu2007/7bcb1cdc5b4b7353d59e9a094362a2834d72f3fa/stimuli/condition2/audio/3.mp3"" type=""audio/mp3"">
      </audio>
      <audio id=""audio_c"">
        <source src=""https://raw.githubusercontent.com/ucsd-psych201a/yu2007/7bcb1cdc5b4b7353d59e9a094362a2834d72f3fa/stimuli/condition2/audio/5.mp3"" type=""audio/mp3"">
      </audio>
     ","null","","","","","","","","","",""
"true","","preload","13","2.0.0","88929","","","","false","[]","[]","[]","","","","",""
"","null","html-keyboard-response","14","2.0.0","89941","
      <div class=""image-container"">
        <img src=""https://raw.githubusercontent.com/ucsd-psych201a/yu2007/7bcb1cdc5b4b7353d59e9a094362a2834d72f3fa/stimuli/condition2/image/2.jpg"" alt=""Image 1"">
        <img src=""https://raw.githubusercontent.com/ucsd-psych201a/yu2007/7bcb1cdc5b4b7353d59e9a094362a2834d72f3fa/stimuli/condition2/image/6.jpg"" alt=""Image 2"">
        <img src=""https://raw.githubusercontent.com/ucsd-psych201a/yu2007/7bcb1cdc5b4b7353d59e9a094362a2834d72f3fa/stimuli/condition2/image/4.jpg"" alt=""Image 3"">
      </div>
    ","null","","","","","","","","","",""
"","null","html-keyboard-response","15","2.0.0","98952","
      <div class=""image-container"">
        <img src=""https://raw.githubusercontent.com/ucsd-psych201a/yu2007/7bcb1cdc5b4b7353d59e9a094362a2834d72f3fa/stimuli/condition2/image/2.jpg"" alt=""Image 1"">
        <img src=""https://raw.githubusercontent.com/ucsd-psych201a/yu2007/7bcb1cdc5b4b7353d59e9a094362a2834d72f3fa/stimuli/condition2/image/6.jpg"" alt=""Image 2"">
        <img src=""https://raw.githubusercontent.com/ucsd-psych201a/yu2007/7bcb1cdc5b4b7353d59e9a094362a2834d72f3fa/stimuli/condition2/image/4.jpg"" alt=""Image 3"">
      </div>
      <div class=""timer"">Time Remaining: <span id=""timer"">6</span> seconds</div>
      <audio id=""audio_a"">
        <source src=""https://raw.githubusercontent.com/ucsd-psych201a/yu2007/7bcb1cdc5b4b7353d59e9a094362a2834d72f3fa/stimuli/condition2/audio/4.mp3"" type=""audio/mp3"">
      </audio>
      <audio id=""audio_b"">
        <source src=""https://raw.githubusercontent.com/ucsd-psych201a/yu2007/7bcb1cdc5b4b7353d59e9a094362a2834d72f3fa/stimuli/condition2/audio/6.mp3"" type=""audio/mp3"">
      </audio>
      <audio id=""audio_c"">
        <source src=""https://raw.githubusercontent.com/ucsd-psych201a/yu2007/7bcb1cdc5b4b7353d59e9a094362a2834d72f3fa/stimuli/condition2/audio/2.mp3"" type=""audio/mp3"">
      </audio>
     ","null","","","","","","","","","",""
"true","","preload","16","2.0.0","98956","","","","false","[]","[]","[]","","","","",""
"","null","html-keyboard-response","17","2.0.0","99958","
      <div class=""image-container"">
        <img src=""https://raw.githubusercontent.com/ucsd-psych201a/yu2007/7bcb1cdc5b4b7353d59e9a094362a2834d72f3fa/stimuli/condition2/image/2.jpg"" alt=""Image 1"">
        <img src=""https://raw.githubusercontent.com/ucsd-psych201a/yu2007/7bcb1cdc5b4b7353d59e9a094362a2834d72f3fa/stimuli/condition2/image/3.jpg"" alt=""Image 2"">
        <img src=""https://raw.githubusercontent.com/ucsd-psych201a/yu2007/7bcb1cdc5b4b7353d59e9a094362a2834d72f3fa/stimuli/condition2/image/1.jpg"" alt=""Image 3"">
      </div>
    ","null","","","","","","","","","",""
"","null","html-keyboard-response","18","2.0.0","108965","
      <div class=""image-container"">
        <img src=""https://raw.githubusercontent.com/ucsd-psych201a/yu2007/7bcb1cdc5b4b7353d59e9a094362a2834d72f3fa/stimuli/condition2/image/2.jpg"" alt=""Image 1"">
        <img src=""https://raw.githubusercontent.com/ucsd-psych201a/yu2007/7bcb1cdc5b4b7353d59e9a094362a2834d72f3fa/stimuli/condition2/image/3.jpg"" alt=""Image 2"">
        <img src=""https://raw.githubusercontent.com/ucsd-psych201a/yu2007/7bcb1cdc5b4b7353d59e9a094362a2834d72f3fa/stimuli/condition2/image/1.jpg"" alt=""Image 3"">
      </div>
      <div class=""timer"">Time Remaining: <span id=""timer"">6</span> seconds</div>
      <audio id=""audio_a"">
        <source src=""https://raw.githubusercontent.com/ucsd-psych201a/yu2007/7bcb1cdc5b4b7353d59e9a094362a2834d72f3fa/stimuli/condition2/audio/2.mp3"" type=""audio/mp3"">
      </audio>
      <audio id=""audio_b"">
        <source src=""https://raw.githubusercontent.com/ucsd-psych201a/yu2007/7bcb1cdc5b4b7353d59e9a094362a2834d72f3fa/stimuli/condition2/audio/3.mp3"" type=""audio/mp3"">
      </audio>
      <audio id=""audio_c"">
        <source src=""https://raw.githubusercontent.com/ucsd-psych201a/yu2007/7bcb1cdc5b4b7353d59e9a094362a2834d72f3fa/stimuli/condition2/audio/1.mp3"" type=""audio/mp3"">
      </audio>
     ","null","","","","","","","","","",""
"true","","preload","19","2.0.0","108969","","","","false","[]","[]","[]","","","","",""
"","null","html-keyboard-response","20","2.0.0","109980","
      <div class=""image-container"">
        <img src=""https://raw.githubusercontent.com/ucsd-psych201a/yu2007/7bcb1cdc5b4b7353d59e9a094362a2834d72f3fa/stimuli/condition2/image/5.jpg"" alt=""Image 1"">
        <img src=""https://raw.githubusercontent.com/ucsd-psych201a/yu2007/7bcb1cdc5b4b7353d59e9a094362a2834d72f3fa/stimuli/condition2/image/1.jpg"" alt=""Image 2"">
        <img src=""https://raw.githubusercontent.com/ucsd-psych201a/yu2007/7bcb1cdc5b4b7353d59e9a094362a2834d72f3fa/stimuli/condition2/image/3.jpg"" alt=""Image 3"">
      </div>
    ","null","","","","","","","","","",""
"","null","html-keyboard-response","21","2.0.0","118987","
      <div class=""image-container"">
        <img src=""https://raw.githubusercontent.com/ucsd-psych201a/yu2007/7bcb1cdc5b4b7353d59e9a094362a2834d72f3fa/stimuli/condition2/image/5.jpg"" alt=""Image 1"">
        <img src=""https://raw.githubusercontent.com/ucsd-psych201a/yu2007/7bcb1cdc5b4b7353d59e9a094362a2834d72f3fa/stimuli/condition2/image/1.jpg"" alt=""Image 2"">
        <img src=""https://raw.githubusercontent.com/ucsd-psych201a/yu2007/7bcb1cdc5b4b7353d59e9a094362a2834d72f3fa/stimuli/condition2/image/3.jpg"" alt=""Image 3"">
      </div>
      <div class=""timer"">Time Remaining: <span id=""timer"">6</span> seconds</div>
      <audio id=""audio_a"">
        <source src=""https://raw.githubusercontent.com/ucsd-psych201a/yu2007/7bcb1cdc5b4b7353d59e9a094362a2834d72f3fa/stimuli/condition2/audio/5.mp3"" type=""audio/mp3"">
      </audio>
      <audio id=""audio_b"">
        <source src=""https://raw.githubusercontent.com/ucsd-psych201a/yu2007/7bcb1cdc5b4b7353d59e9a094362a2834d72f3fa/stimuli/condition2/audio/1.mp3"" type=""audio/mp3"">
      </audio>
      <audio id=""audio_c"">
        <source src=""https://raw.githubusercontent.com/ucsd-psych201a/yu2007/7bcb1cdc5b4b7353d59e9a094362a2834d72f3fa/stimuli/condition2/audio/3.mp3"" type=""audio/mp3"">
      </audio>
     ","null","","","","","","","","","",""
"true","","preload","22","2.0.0","119236","","","","false","[]","[]","[]","","","","",""
"","null","html-keyboard-response","23","2.0.0","120246","
      <div class=""image-container"">
        <img src=""https://raw.githubusercontent.com/ucsd-psych201a/yu2007/7bcb1cdc5b4b7353d59e9a094362a2834d72f3fa/stimuli/condition2/image/7.jpg"" alt=""Image 1"">
        <img src=""https://raw.githubusercontent.com/ucsd-psych201a/yu2007/7bcb1cdc5b4b7353d59e9a094362a2834d72f3fa/stimuli/condition2/image/9.jpg"" alt=""Image 2"">
        <img src=""https://raw.githubusercontent.com/ucsd-psych201a/yu2007/7bcb1cdc5b4b7353d59e9a094362a2834d72f3fa/stimuli/condition2/image/11.jpg"" alt=""Image 3"">
      </div>
    ","null","","","","","","","","","",""
"","null","html-keyboard-response","24","2.0.0","129254","
      <div class=""image-container"">
        <img src=""https://raw.githubusercontent.com/ucsd-psych201a/yu2007/7bcb1cdc5b4b7353d59e9a094362a2834d72f3fa/stimuli/condition2/image/7.jpg"" alt=""Image 1"">
        <img src=""https://raw.githubusercontent.com/ucsd-psych201a/yu2007/7bcb1cdc5b4b7353d59e9a094362a2834d72f3fa/stimuli/condition2/image/9.jpg"" alt=""Image 2"">
        <img src=""https://raw.githubusercontent.com/ucsd-psych201a/yu2007/7bcb1cdc5b4b7353d59e9a094362a2834d72f3fa/stimuli/condition2/image/11.jpg"" alt=""Image 3"">
      </div>
      <div class=""timer"">Time Remaining: <span id=""timer"">6</span> seconds</div>
      <audio id=""audio_a"">
        <source src=""https://raw.githubusercontent.com/ucsd-psych201a/yu2007/7bcb1cdc5b4b7353d59e9a094362a2834d72f3fa/stimuli/condition2/audio/7.mp3"" type=""audio/mp3"">
      </audio>
      <audio id=""audio_b"">
        <source src=""https://raw.githubusercontent.com/ucsd-psych201a/yu2007/7bcb1cdc5b4b7353d59e9a094362a2834d72f3fa/stimuli/condition2/audio/9.mp3"" type=""audio/mp3"">
      </audio>
      <audio id=""audio_c"">
        <source src=""https://raw.githubusercontent.com/ucsd-psych201a/yu2007/7bcb1cdc5b4b7353d59e9a094362a2834d72f3fa/stimuli/condition2/audio/11.mp3"" type=""audio/mp3"">
      </audio>
     ","null","","","","","","","","","",""
"true","","preload","25","2.0.0","129258","","","","false","[]","[]","[]","","","","",""
"","null","html-keyboard-response","26","2.0.0","130259","
      <div class=""image-container"">
        <img src=""https://raw.githubusercontent.com/ucsd-psych201a/yu2007/7bcb1cdc5b4b7353d59e9a094362a2834d72f3fa/stimuli/condition2/image/4.jpg"" alt=""Image 1"">
        <img src=""https://raw.githubusercontent.com/ucsd-psych201a/yu2007/7bcb1cdc5b4b7353d59e9a094362a2834d72f3fa/stimuli/condition2/image/2.jpg"" alt=""Image 2"">
        <img src=""https://raw.githubusercontent.com/ucsd-psych201a/yu2007/7bcb1cdc5b4b7353d59e9a094362a2834d72f3fa/stimuli/condition2/image/6.jpg"" alt=""Image 3"">
      </div>
    ","null","","","","","","","","","",""
"","null","html-keyboard-response","27","2.0.0","139275","
      <div class=""image-container"">
        <img src=""https://raw.githubusercontent.com/ucsd-psych201a/yu2007/7bcb1cdc5b4b7353d59e9a094362a2834d72f3fa/stimuli/condition2/image/4.jpg"" alt=""Image 1"">
        <img src=""https://raw.githubusercontent.com/ucsd-psych201a/yu2007/7bcb1cdc5b4b7353d59e9a094362a2834d72f3fa/stimuli/condition2/image/2.jpg"" alt=""Image 2"">
        <img src=""https://raw.githubusercontent.com/ucsd-psych201a/yu2007/7bcb1cdc5b4b7353d59e9a094362a2834d72f3fa/stimuli/condition2/image/6.jpg"" alt=""Image 3"">
      </div>
      <div class=""timer"">Time Remaining: <span id=""timer"">6</span> seconds</div>
      <audio id=""audio_a"">
        <source src=""https://raw.githubusercontent.com/ucsd-psych201a/yu2007/7bcb1cdc5b4b7353d59e9a094362a2834d72f3fa/stimuli/condition2/audio/4.mp3"" type=""audio/mp3"">
      </audio>
      <audio id=""audio_b"">
        <source src=""https://raw.githubusercontent.com/ucsd-psych201a/yu2007/7bcb1cdc5b4b7353d59e9a094362a2834d72f3fa/stimuli/condition2/audio/2.mp3"" type=""audio/mp3"">
      </audio>
      <audio id=""audio_c"">
        <source src=""https://raw.githubusercontent.com/ucsd-psych201a/yu2007/7bcb1cdc5b4b7353d59e9a094362a2834d72f3fa/stimuli/condition2/audio/6.mp3"" type=""audio/mp3"">
      </audio>
     ","null","","","","","","","","","",""
"true","","preload","28","2.0.0","139467","","","","false","[]","[]","[]","","","","",""
"","null","html-keyboard-response","29","2.0.0","140476","
      <div class=""image-container"">
        <img src=""https://raw.githubusercontent.com/ucsd-psych201a/yu2007/7bcb1cdc5b4b7353d59e9a094362a2834d72f3fa/stimuli/condition2/image/18.jpg"" alt=""Image 1"">
        <img src=""https://raw.githubusercontent.com/ucsd-psych201a/yu2007/7bcb1cdc5b4b7353d59e9a094362a2834d72f3fa/stimuli/condition2/image/17.jpg"" alt=""Image 2"">
        <img src=""https://raw.githubusercontent.com/ucsd-psych201a/yu2007/7bcb1cdc5b4b7353d59e9a094362a2834d72f3fa/stimuli/condition2/image/16.jpg"" alt=""Image 3"">
      </div>
    ","null","","","","","","","","","",""
"","null","html-keyboard-response","30","2.0.0","149492","
      <div class=""image-container"">
        <img src=""https://raw.githubusercontent.com/ucsd-psych201a/yu2007/7bcb1cdc5b4b7353d59e9a094362a2834d72f3fa/stimuli/condition2/image/18.jpg"" alt=""Image 1"">
        <img src=""https://raw.githubusercontent.com/ucsd-psych201a/yu2007/7bcb1cdc5b4b7353d59e9a094362a2834d72f3fa/stimuli/condition2/image/17.jpg"" alt=""Image 2"">
        <img src=""https://raw.githubusercontent.com/ucsd-psych201a/yu2007/7bcb1cdc5b4b7353d59e9a094362a2834d72f3fa/stimuli/condition2/image/16.jpg"" alt=""Image 3"">
      </div>
      <div class=""timer"">Time Remaining: <span id=""timer"">6</span> seconds</div>
      <audio id=""audio_a"">
        <source src=""https://raw.githubusercontent.com/ucsd-psych201a/yu2007/7bcb1cdc5b4b7353d59e9a094362a2834d72f3fa/stimuli/condition2/audio/16.mp3"" type=""audio/mp3"">
      </audio>
      <audio id=""audio_b"">
        <source src=""https://raw.githubusercontent.com/ucsd-psych201a/yu2007/7bcb1cdc5b4b7353d59e9a094362a2834d72f3fa/stimuli/condition2/audio/17.mp3"" type=""audio/mp3"">
      </audio>
      <audio id=""audio_c"">
        <source src=""https://raw.githubusercontent.com/ucsd-psych201a/yu2007/7bcb1cdc5b4b7353d59e9a094362a2834d72f3fa/stimuli/condition2/audio/18.mp3"" type=""audio/mp3"">
      </audio>
     ","null","","","","","","","","","",""
"true","","preload","31","2.0.0","149655","","","","false","[]","[]","[]","","","","",""
"","null","html-keyboard-response","32","2.0.0","150659","
      <div class=""image-container"">
        <img src=""https://raw.githubusercontent.com/ucsd-psych201a/yu2007/7bcb1cdc5b4b7353d59e9a094362a2834d72f3fa/stimuli/condition2/image/18.jpg"" alt=""Image 1"">
        <img src=""https://raw.githubusercontent.com/ucsd-psych201a/yu2007/7bcb1cdc5b4b7353d59e9a094362a2834d72f3fa/stimuli/condition2/image/14.jpg"" alt=""Image 2"">
        <img src=""https://raw.githubusercontent.com/ucsd-psych201a/yu2007/7bcb1cdc5b4b7353d59e9a094362a2834d72f3fa/stimuli/condition2/image/16.jpg"" alt=""Image 3"">
      </div>
    ","null","","","","","","","","","",""
"","null","html-keyboard-response","33","2.0.0","159673","
      <div class=""image-container"">
        <img src=""https://raw.githubusercontent.com/ucsd-psych201a/yu2007/7bcb1cdc5b4b7353d59e9a094362a2834d72f3fa/stimuli/condition2/image/18.jpg"" alt=""Image 1"">
        <img src=""https://raw.githubusercontent.com/ucsd-psych201a/yu2007/7bcb1cdc5b4b7353d59e9a094362a2834d72f3fa/stimuli/condition2/image/14.jpg"" alt=""Image 2"">
        <img src=""https://raw.githubusercontent.com/ucsd-psych201a/yu2007/7bcb1cdc5b4b7353d59e9a094362a2834d72f3fa/stimuli/condition2/image/16.jpg"" alt=""Image 3"">
      </div>
      <div class=""timer"">Time Remaining: <span id=""timer"">6</span> seconds</div>
      <audio id=""audio_a"">
        <source src=""https://raw.githubusercontent.com/ucsd-psych201a/yu2007/7bcb1cdc5b4b7353d59e9a094362a2834d72f3fa/stimuli/condition2/audio/16.mp3"" type=""audio/mp3"">
      </audio>
      <audio id=""audio_b"">
        <source src=""https://raw.githubusercontent.com/ucsd-psych201a/yu2007/7bcb1cdc5b4b7353d59e9a094362a2834d72f3fa/stimuli/condition2/audio/18.mp3"" type=""audio/mp3"">
      </audio>
      <audio id=""audio_c"">
        <source src=""https://raw.githubusercontent.com/ucsd-psych201a/yu2007/7bcb1cdc5b4b7353d59e9a094362a2834d72f3fa/stimuli/condition2/audio/14.mp3"" type=""audio/mp3"">
      </audio>
     ","null","","","","","","","","","",""
"true","","preload","34","2.0.0","159677","","","","false","[]","[]","[]","","","","",""
"","null","html-keyboard-response","35","2.0.0","160684","
      <div class=""image-container"">
        <img src=""https://raw.githubusercontent.com/ucsd-psych201a/yu2007/7bcb1cdc5b4b7353d59e9a094362a2834d72f3fa/stimuli/condition2/image/3.jpg"" alt=""Image 1"">
        <img src=""https://raw.githubusercontent.com/ucsd-psych201a/yu2007/7bcb1cdc5b4b7353d59e9a094362a2834d72f3fa/stimuli/condition2/image/1.jpg"" alt=""Image 2"">
        <img src=""https://raw.githubusercontent.com/ucsd-psych201a/yu2007/7bcb1cdc5b4b7353d59e9a094362a2834d72f3fa/stimuli/condition2/image/2.jpg"" alt=""Image 3"">
      </div>
    ","null","","","","","","","","","",""
"","null","html-keyboard-response","36","2.0.0","169691","
      <div class=""image-container"">
        <img src=""https://raw.githubusercontent.com/ucsd-psych201a/yu2007/7bcb1cdc5b4b7353d59e9a094362a2834d72f3fa/stimuli/condition2/image/3.jpg"" alt=""Image 1"">
        <img src=""https://raw.githubusercontent.com/ucsd-psych201a/yu2007/7bcb1cdc5b4b7353d59e9a094362a2834d72f3fa/stimuli/condition2/image/1.jpg"" alt=""Image 2"">
        <img src=""https://raw.githubusercontent.com/ucsd-psych201a/yu2007/7bcb1cdc5b4b7353d59e9a094362a2834d72f3fa/stimuli/condition2/image/2.jpg"" alt=""Image 3"">
      </div>
      <div class=""timer"">Time Remaining: <span id=""timer"">6</span> seconds</div>
      <audio id=""audio_a"">
        <source src=""https://raw.githubusercontent.com/ucsd-psych201a/yu2007/7bcb1cdc5b4b7353d59e9a094362a2834d72f3fa/stimuli/condition2/audio/3.mp3"" type=""audio/mp3"">
      </audio>
      <audio id=""audio_b"">
        <source src=""https://raw.githubusercontent.com/ucsd-psych201a/yu2007/7bcb1cdc5b4b7353d59e9a094362a2834d72f3fa/stimuli/condition2/audio/1.mp3"" type=""audio/mp3"">
      </audio>
      <audio id=""audio_c"">
        <source src=""https://raw.githubusercontent.com/ucsd-psych201a/yu2007/7bcb1cdc5b4b7353d59e9a094362a2834d72f3fa/stimuli/condition2/audio/2.mp3"" type=""audio/mp3"">
      </audio>
     ","null","","","","","","","","","",""
"true","","preload","37","2.0.0","169823","","","","false","[]","[]","[]","","","","",""
"","null","html-keyboard-response","38","2.0.0","170829","
      <div class=""image-container"">
        <img src=""https://raw.githubusercontent.com/ucsd-psych201a/yu2007/7bcb1cdc5b4b7353d59e9a094362a2834d72f3fa/stimuli/condition2/image/12.jpg"" alt=""Image 1"">
        <img src=""https://raw.githubusercontent.com/ucsd-psych201a/yu2007/7bcb1cdc5b4b7353d59e9a094362a2834d72f3fa/stimuli/condition2/image/8.jpg"" alt=""Image 2"">
        <img src=""https://raw.githubusercontent.com/ucsd-psych201a/yu2007/7bcb1cdc5b4b7353d59e9a094362a2834d72f3fa/stimuli/condition2/image/10.jpg"" alt=""Image 3"">
      </div>
    ","null","","","","","","","","","",""
"","null","html-keyboard-response","39","2.0.0","179846","
      <div class=""image-container"">
        <img src=""https://raw.githubusercontent.com/ucsd-psych201a/yu2007/7bcb1cdc5b4b7353d59e9a094362a2834d72f3fa/stimuli/condition2/image/12.jpg"" alt=""Image 1"">
        <img src=""https://raw.githubusercontent.com/ucsd-psych201a/yu2007/7bcb1cdc5b4b7353d59e9a094362a2834d72f3fa/stimuli/condition2/image/8.jpg"" alt=""Image 2"">
        <img src=""https://raw.githubusercontent.com/ucsd-psych201a/yu2007/7bcb1cdc5b4b7353d59e9a094362a2834d72f3fa/stimuli/condition2/image/10.jpg"" alt=""Image 3"">
      </div>
      <div class=""timer"">Time Remaining: <span id=""timer"">6</span> seconds</div>
      <audio id=""audio_a"">
        <source src=""https://raw.githubusercontent.com/ucsd-psych201a/yu2007/7bcb1cdc5b4b7353d59e9a094362a2834d72f3fa/stimuli/condition2/audio/8.mp3"" type=""audio/mp3"">
      </audio>
      <audio id=""audio_b"">
        <source src=""https://raw.githubusercontent.com/ucsd-psych201a/yu2007/7bcb1cdc5b4b7353d59e9a094362a2834d72f3fa/stimuli/condition2/audio/12.mp3"" type=""audio/mp3"">
      </audio>
      <audio id=""audio_c"">
        <source src=""https://raw.githubusercontent.com/ucsd-psych201a/yu2007/7bcb1cdc5b4b7353d59e9a094362a2834d72f3fa/stimuli/condition2/audio/10.mp3"" type=""audio/mp3"">
      </audio>
     ","null","","","","","","","","","",""
"true","","preload","40","2.0.0","179851","","","","false","[]","[]","[]","","","","",""
"","null","html-keyboard-response","41","2.0.0","180854","
      <div class=""image-container"">
        <img src=""https://raw.githubusercontent.com/ucsd-psych201a/yu2007/7bcb1cdc5b4b7353d59e9a094362a2834d72f3fa/stimuli/condition2/image/1.jpg"" alt=""Image 1"">
        <img src=""https://raw.githubusercontent.com/ucsd-psych201a/yu2007/7bcb1cdc5b4b7353d59e9a094362a2834d72f3fa/stimuli/condition2/image/7.jpg"" alt=""Image 2"">
        <img src=""https://raw.githubusercontent.com/ucsd-psych201a/yu2007/7bcb1cdc5b4b7353d59e9a094362a2834d72f3fa/stimuli/condition2/image/4.jpg"" alt=""Image 3"">
      </div>
    ","null","","","","","","","","","",""
"","null","html-keyboard-response","42","2.0.0","189868","
      <div class=""image-container"">
        <img src=""https://raw.githubusercontent.com/ucsd-psych201a/yu2007/7bcb1cdc5b4b7353d59e9a094362a2834d72f3fa/stimuli/condition2/image/1.jpg"" alt=""Image 1"">
        <img src=""https://raw.githubusercontent.com/ucsd-psych201a/yu2007/7bcb1cdc5b4b7353d59e9a094362a2834d72f3fa/stimuli/condition2/image/7.jpg"" alt=""Image 2"">
        <img src=""https://raw.githubusercontent.com/ucsd-psych201a/yu2007/7bcb1cdc5b4b7353d59e9a094362a2834d72f3fa/stimuli/condition2/image/4.jpg"" alt=""Image 3"">
      </div>
      <div class=""timer"">Time Remaining: <span id=""timer"">6</span> seconds</div>
      <audio id=""audio_a"">
        <source src=""https://raw.githubusercontent.com/ucsd-psych201a/yu2007/7bcb1cdc5b4b7353d59e9a094362a2834d72f3fa/stimuli/condition2/audio/4.mp3"" type=""audio/mp3"">
      </audio>
      <audio id=""audio_b"">
        <source src=""https://raw.githubusercontent.com/ucsd-psych201a/yu2007/7bcb1cdc5b4b7353d59e9a094362a2834d72f3fa/stimuli/condition2/audio/1.mp3"" type=""audio/mp3"">
      </audio>
      <audio id=""audio_c"">
        <source src=""https://raw.githubusercontent.com/ucsd-psych201a/yu2007/7bcb1cdc5b4b7353d59e9a094362a2834d72f3fa/stimuli/condition2/audio/7.mp3"" type=""audio/mp3"">
      </audio>
     ","null","","","","","","","","","",""
"true","","preload","43","2.0.0","189872","","","","false","[]","[]","[]","","","","",""
"","null","html-keyboard-response","44","2.0.0","190877","
      <div class=""image-container"">
        <img src=""https://raw.githubusercontent.com/ucsd-psych201a/yu2007/7bcb1cdc5b4b7353d59e9a094362a2834d72f3fa/stimuli/condition2/image/18.jpg"" alt=""Image 1"">
        <img src=""https://raw.githubusercontent.com/ucsd-psych201a/yu2007/7bcb1cdc5b4b7353d59e9a094362a2834d72f3fa/stimuli/condition2/image/17.jpg"" alt=""Image 2"">
        <img src=""https://raw.githubusercontent.com/ucsd-psych201a/yu2007/7bcb1cdc5b4b7353d59e9a094362a2834d72f3fa/stimuli/condition2/image/16.jpg"" alt=""Image 3"">
      </div>
    ","null","","","","","","","","","",""
"","null","html-keyboard-response","45","2.0.0","199899","
      <div class=""image-container"">
        <img src=""https://raw.githubusercontent.com/ucsd-psych201a/yu2007/7bcb1cdc5b4b7353d59e9a094362a2834d72f3fa/stimuli/condition2/image/18.jpg"" alt=""Image 1"">
        <img src=""https://raw.githubusercontent.com/ucsd-psych201a/yu2007/7bcb1cdc5b4b7353d59e9a094362a2834d72f3fa/stimuli/condition2/image/17.jpg"" alt=""Image 2"">
        <img src=""https://raw.githubusercontent.com/ucsd-psych201a/yu2007/7bcb1cdc5b4b7353d59e9a094362a2834d72f3fa/stimuli/condition2/image/16.jpg"" alt=""Image 3"">
      </div>
      <div class=""timer"">Time Remaining: <span id=""timer"">6</span> seconds</div>
      <audio id=""audio_a"">
        <source src=""https://raw.githubusercontent.com/ucsd-psych201a/yu2007/7bcb1cdc5b4b7353d59e9a094362a2834d72f3fa/stimuli/condition2/audio/18.mp3"" type=""audio/mp3"">
      </audio>
      <audio id=""audio_b"">
        <source src=""https://raw.githubusercontent.com/ucsd-psych201a/yu2007/7bcb1cdc5b4b7353d59e9a094362a2834d72f3fa/stimuli/condition2/audio/16.mp3"" type=""audio/mp3"">
      </audio>
      <audio id=""audio_c"">
        <source src=""https://raw.githubusercontent.com/ucsd-psych201a/yu2007/7bcb1cdc5b4b7353d59e9a094362a2834d72f3fa/stimuli/condition2/audio/17.mp3"" type=""audio/mp3"">
      </audio>
     ","null","","","","","","","","","",""
"true","","preload","46","2.0.0","199903","","","","false","[]","[]","[]","","","","",""
"","null","html-keyboard-response","47","2.0.0","200913","
      <div class=""image-container"">
        <img src=""https://raw.githubusercontent.com/ucsd-psych201a/yu2007/7bcb1cdc5b4b7353d59e9a094362a2834d72f3fa/stimuli/condition2/image/7.jpg"" alt=""Image 1"">
        <img src=""https://raw.githubusercontent.com/ucsd-psych201a/yu2007/7bcb1cdc5b4b7353d59e9a094362a2834d72f3fa/stimuli/condition2/image/8.jpg"" alt=""Image 2"">
        <img src=""https://raw.githubusercontent.com/ucsd-psych201a/yu2007/7bcb1cdc5b4b7353d59e9a094362a2834d72f3fa/stimuli/condition2/image/9.jpg"" alt=""Image 3"">
      </div>
    ","null","","","","","","","","","",""
"","null","html-keyboard-response","48","2.0.0","209922","
      <div class=""image-container"">
        <img src=""https://raw.githubusercontent.com/ucsd-psych201a/yu2007/7bcb1cdc5b4b7353d59e9a094362a2834d72f3fa/stimuli/condition2/image/7.jpg"" alt=""Image 1"">
        <img src=""https://raw.githubusercontent.com/ucsd-psych201a/yu2007/7bcb1cdc5b4b7353d59e9a094362a2834d72f3fa/stimuli/condition2/image/8.jpg"" alt=""Image 2"">
        <img src=""https://raw.githubusercontent.com/ucsd-psych201a/yu2007/7bcb1cdc5b4b7353d59e9a094362a2834d72f3fa/stimuli/condition2/image/9.jpg"" alt=""Image 3"">
      </div>
      <div class=""timer"">Time Remaining: <span id=""timer"">6</span> seconds</div>
      <audio id=""audio_a"">
        <source src=""https://raw.githubusercontent.com/ucsd-psych201a/yu2007/7bcb1cdc5b4b7353d59e9a094362a2834d72f3fa/stimuli/condition2/audio/9.mp3"" type=""audio/mp3"">
      </audio>
      <audio id=""audio_b"">
        <source src=""https://raw.githubusercontent.com/ucsd-psych201a/yu2007/7bcb1cdc5b4b7353d59e9a094362a2834d72f3fa/stimuli/condition2/audio/7.mp3"" type=""audio/mp3"">
      </audio>
      <audio id=""audio_c"">
        <source src=""https://raw.githubusercontent.com/ucsd-psych201a/yu2007/7bcb1cdc5b4b7353d59e9a094362a2834d72f3fa/stimuli/condition2/audio/8.mp3"" type=""audio/mp3"">
      </audio>
     ","null","","","","","","","","","",""
"true","","preload","49","2.0.0","209926","","","","false","[]","[]","[]","","","","",""
"","null","html-keyboard-response","50","2.0.0","210936","
      <div class=""image-container"">
        <img src=""https://raw.githubusercontent.com/ucsd-psych201a/yu2007/7bcb1cdc5b4b7353d59e9a094362a2834d72f3fa/stimuli/condition2/image/9.jpg"" alt=""Image 1"">
        <img src=""https://raw.githubusercontent.com/ucsd-psych201a/yu2007/7bcb1cdc5b4b7353d59e9a094362a2834d72f3fa/stimuli/condition2/image/7.jpg"" alt=""Image 2"">
        <img src=""https://raw.githubusercontent.com/ucsd-psych201a/yu2007/7bcb1cdc5b4b7353d59e9a094362a2834d72f3fa/stimuli/condition2/image/11.jpg"" alt=""Image 3"">
      </div>
    ","null","","","","","","","","","",""
"","null","html-keyboard-response","51","2.0.0","219949","
      <div class=""image-container"">
        <img src=""https://raw.githubusercontent.com/ucsd-psych201a/yu2007/7bcb1cdc5b4b7353d59e9a094362a2834d72f3fa/stimuli/condition2/image/9.jpg"" alt=""Image 1"">
        <img src=""https://raw.githubusercontent.com/ucsd-psych201a/yu2007/7bcb1cdc5b4b7353d59e9a094362a2834d72f3fa/stimuli/condition2/image/7.jpg"" alt=""Image 2"">
        <img src=""https://raw.githubusercontent.com/ucsd-psych201a/yu2007/7bcb1cdc5b4b7353d59e9a094362a2834d72f3fa/stimuli/condition2/image/11.jpg"" alt=""Image 3"">
      </div>
      <div class=""timer"">Time Remaining: <span id=""timer"">6</span> seconds</div>
      <audio id=""audio_a"">
        <source src=""https://raw.githubusercontent.com/ucsd-psych201a/yu2007/7bcb1cdc5b4b7353d59e9a094362a2834d72f3fa/stimuli/condition2/audio/11.mp3"" type=""audio/mp3"">
      </audio>
      <audio id=""audio_b"">
        <source src=""https://raw.githubusercontent.com/ucsd-psych201a/yu2007/7bcb1cdc5b4b7353d59e9a094362a2834d72f3fa/stimuli/condition2/audio/9.mp3"" type=""audio/mp3"">
      </audio>
      <audio id=""audio_c"">
        <source src=""https://raw.githubusercontent.com/ucsd-psych201a/yu2007/7bcb1cdc5b4b7353d59e9a094362a2834d72f3fa/stimuli/condition2/audio/7.mp3"" type=""audio/mp3"">
      </audio>
     ","null","","","","","","","","","",""
"true","","preload","52","2.0.0","219953","","","","false","[]","[]","[]","","","","",""
"","null","html-keyboard-response","53","2.0.0","220959","
      <div class=""image-container"">
        <img src=""https://raw.githubusercontent.com/ucsd-psych201a/yu2007/7bcb1cdc5b4b7353d59e9a094362a2834d72f3fa/stimuli/condition2/image/9.jpg"" alt=""Image 1"">
        <img src=""https://raw.githubusercontent.com/ucsd-psych201a/yu2007/7bcb1cdc5b4b7353d59e9a094362a2834d72f3fa/stimuli/condition2/image/6.jpg"" alt=""Image 2"">
        <img src=""https://raw.githubusercontent.com/ucsd-psych201a/yu2007/7bcb1cdc5b4b7353d59e9a094362a2834d72f3fa/stimuli/condition2/image/3.jpg"" alt=""Image 3"">
      </div>
    ","null","","","","","","","","","",""
"","null","html-keyboard-response","54","2.0.0","229969","
      <div class=""image-container"">
        <img src=""https://raw.githubusercontent.com/ucsd-psych201a/yu2007/7bcb1cdc5b4b7353d59e9a094362a2834d72f3fa/stimuli/condition2/image/9.jpg"" alt=""Image 1"">
        <img src=""https://raw.githubusercontent.com/ucsd-psych201a/yu2007/7bcb1cdc5b4b7353d59e9a094362a2834d72f3fa/stimuli/condition2/image/6.jpg"" alt=""Image 2"">
        <img src=""https://raw.githubusercontent.com/ucsd-psych201a/yu2007/7bcb1cdc5b4b7353d59e9a094362a2834d72f3fa/stimuli/condition2/image/3.jpg"" alt=""Image 3"">
      </div>
      <div class=""timer"">Time Remaining: <span id=""timer"">6</span> seconds</div>
      <audio id=""audio_a"">
        <source src=""https://raw.githubusercontent.com/ucsd-psych201a/yu2007/7bcb1cdc5b4b7353d59e9a094362a2834d72f3fa/stimuli/condition2/audio/9.mp3"" type=""audio/mp3"">
      </audio>
      <audio id=""audio_b"">
        <source src=""https://raw.githubusercontent.com/ucsd-psych201a/yu2007/7bcb1cdc5b4b7353d59e9a094362a2834d72f3fa/stimuli/condition2/audio/3.mp3"" type=""audio/mp3"">
      </audio>
      <audio id=""audio_c"">
        <source src=""https://raw.githubusercontent.com/ucsd-psych201a/yu2007/7bcb1cdc5b4b7353d59e9a094362a2834d72f3fa/stimuli/condition2/audio/6.mp3"" type=""audio/mp3"">
      </audio>
     ","null","","","","","","","","","",""
"true","","preload","55","2.0.0","230069","","","","false","[]","[]","[]","","","","",""
"","null","html-keyboard-response","56","2.0.0","231078","
      <div class=""image-container"">
        <img src=""https://raw.githubusercontent.com/ucsd-psych201a/yu2007/7bcb1cdc5b4b7353d59e9a094362a2834d72f3fa/stimuli/condition2/image/13.jpg"" alt=""Image 1"">
        <img src=""https://raw.githubusercontent.com/ucsd-psych201a/yu2007/7bcb1cdc5b4b7353d59e9a094362a2834d72f3fa/stimuli/condition2/image/15.jpg"" alt=""Image 2"">
        <img src=""https://raw.githubusercontent.com/ucsd-psych201a/yu2007/7bcb1cdc5b4b7353d59e9a094362a2834d72f3fa/stimuli/condition2/image/17.jpg"" alt=""Image 3"">
      </div>
    ","null","","","","","","","","","",""
"","null","html-keyboard-response","57","2.0.0","240097","
      <div class=""image-container"">
        <img src=""https://raw.githubusercontent.com/ucsd-psych201a/yu2007/7bcb1cdc5b4b7353d59e9a094362a2834d72f3fa/stimuli/condition2/image/13.jpg"" alt=""Image 1"">
        <img src=""https://raw.githubusercontent.com/ucsd-psych201a/yu2007/7bcb1cdc5b4b7353d59e9a094362a2834d72f3fa/stimuli/condition2/image/15.jpg"" alt=""Image 2"">
        <img src=""https://raw.githubusercontent.com/ucsd-psych201a/yu2007/7bcb1cdc5b4b7353d59e9a094362a2834d72f3fa/stimuli/condition2/image/17.jpg"" alt=""Image 3"">
      </div>
      <div class=""timer"">Time Remaining: <span id=""timer"">6</span> seconds</div>
      <audio id=""audio_a"">
        <source src=""https://raw.githubusercontent.com/ucsd-psych201a/yu2007/7bcb1cdc5b4b7353d59e9a094362a2834d72f3fa/stimuli/condition2/audio/17.mp3"" type=""audio/mp3"">
      </audio>
      <audio id=""audio_b"">
        <source src=""https://raw.githubusercontent.com/ucsd-psych201a/yu2007/7bcb1cdc5b4b7353d59e9a094362a2834d72f3fa/stimuli/condition2/audio/13.mp3"" type=""audio/mp3"">
      </audio>
      <audio id=""audio_c"">
        <source src=""https://raw.githubusercontent.com/ucsd-psych201a/yu2007/7bcb1cdc5b4b7353d59e9a094362a2834d72f3fa/stimuli/condition2/audio/15.mp3"" type=""audio/mp3"">
      </audio>
     ","null","","","","","","","","","",""
"true","","preload","58","2.0.0","240099","","","","false","[]","[]","[]","","","","",""
"","null","html-keyboard-response","59","2.0.0","241111","
      <div class=""image-container"">
        <img src=""https://raw.githubusercontent.com/ucsd-psych201a/yu2007/7bcb1cdc5b4b7353d59e9a094362a2834d72f3fa/stimuli/condition2/image/5.jpg"" alt=""Image 1"">
        <img src=""https://raw.githubusercontent.com/ucsd-psych201a/yu2007/7bcb1cdc5b4b7353d59e9a094362a2834d72f3fa/stimuli/condition2/image/6.jpg"" alt=""Image 2"">
        <img src=""https://raw.githubusercontent.com/ucsd-psych201a/yu2007/7bcb1cdc5b4b7353d59e9a094362a2834d72f3fa/stimuli/condition2/image/4.jpg"" alt=""Image 3"">
      </div>
    ","null","","","","","","","","","",""
"","null","html-keyboard-response","60","2.0.0","250122","
      <div class=""image-container"">
        <img src=""https://raw.githubusercontent.com/ucsd-psych201a/yu2007/7bcb1cdc5b4b7353d59e9a094362a2834d72f3fa/stimuli/condition2/image/5.jpg"" alt=""Image 1"">
        <img src=""https://raw.githubusercontent.com/ucsd-psych201a/yu2007/7bcb1cdc5b4b7353d59e9a094362a2834d72f3fa/stimuli/condition2/image/6.jpg"" alt=""Image 2"">
        <img src=""https://raw.githubusercontent.com/ucsd-psych201a/yu2007/7bcb1cdc5b4b7353d59e9a094362a2834d72f3fa/stimuli/condition2/image/4.jpg"" alt=""Image 3"">
      </div>
      <div class=""timer"">Time Remaining: <span id=""timer"">6</span> seconds</div>
      <audio id=""audio_a"">
        <source src=""https://raw.githubusercontent.com/ucsd-psych201a/yu2007/7bcb1cdc5b4b7353d59e9a094362a2834d72f3fa/stimuli/condition2/audio/4.mp3"" type=""audio/mp3"">
      </audio>
      <audio id=""audio_b"">
        <source src=""https://raw.githubusercontent.com/ucsd-psych201a/yu2007/7bcb1cdc5b4b7353d59e9a094362a2834d72f3fa/stimuli/condition2/audio/5.mp3"" type=""audio/mp3"">
      </audio>
      <audio id=""audio_c"">
        <source src=""https://raw.githubusercontent.com/ucsd-psych201a/yu2007/7bcb1cdc5b4b7353d59e9a094362a2834d72f3fa/stimuli/condition2/audio/6.mp3"" type=""audio/mp3"">
      </audio>
     ","null","","","","","","","","","",""
"true","","preload","61","2.0.0","250125","","","","false","[]","[]","[]","","","","",""
"","null","html-keyboard-response","62","2.0.0","251137","
      <div class=""image-container"">
        <img src=""https://raw.githubusercontent.com/ucsd-psych201a/yu2007/7bcb1cdc5b4b7353d59e9a094362a2834d72f3fa/stimuli/condition2/image/14.jpg"" alt=""Image 1"">
        <img src=""https://raw.githubusercontent.com/ucsd-psych201a/yu2007/7bcb1cdc5b4b7353d59e9a094362a2834d72f3fa/stimuli/condition2/image/13.jpg"" alt=""Image 2"">
        <img src=""https://raw.githubusercontent.com/ucsd-psych201a/yu2007/7bcb1cdc5b4b7353d59e9a094362a2834d72f3fa/stimuli/condition2/image/15.jpg"" alt=""Image 3"">
      </div>
    ","null","","","","","","","","","",""
"","null","html-keyboard-response","63","2.0.0","260157","
      <div class=""image-container"">
        <img src=""https://raw.githubusercontent.com/ucsd-psych201a/yu2007/7bcb1cdc5b4b7353d59e9a094362a2834d72f3fa/stimuli/condition2/image/14.jpg"" alt=""Image 1"">
        <img src=""https://raw.githubusercontent.com/ucsd-psych201a/yu2007/7bcb1cdc5b4b7353d59e9a094362a2834d72f3fa/stimuli/condition2/image/13.jpg"" alt=""Image 2"">
        <img src=""https://raw.githubusercontent.com/ucsd-psych201a/yu2007/7bcb1cdc5b4b7353d59e9a094362a2834d72f3fa/stimuli/condition2/image/15.jpg"" alt=""Image 3"">
      </div>
      <div class=""timer"">Time Remaining: <span id=""timer"">6</span> seconds</div>
      <audio id=""audio_a"">
        <source src=""https://raw.githubusercontent.com/ucsd-psych201a/yu2007/7bcb1cdc5b4b7353d59e9a094362a2834d72f3fa/stimuli/condition2/audio/15.mp3"" type=""audio/mp3"">
      </audio>
      <audio id=""audio_b"">
        <source src=""https://raw.githubusercontent.com/ucsd-psych201a/yu2007/7bcb1cdc5b4b7353d59e9a094362a2834d72f3fa/stimuli/condition2/audio/13.mp3"" type=""audio/mp3"">
      </audio>
      <audio id=""audio_c"">
        <source src=""https://raw.githubusercontent.com/ucsd-psych201a/yu2007/7bcb1cdc5b4b7353d59e9a094362a2834d72f3fa/stimuli/condition2/audio/14.mp3"" type=""audio/mp3"">
      </audio>
     ","null","","","","","","","","","",""
"true","","preload","64","2.0.0","260160","","","","false","[]","[]","[]","","","","",""
"","null","html-keyboard-response","65","2.0.0","261169","
      <div class=""image-container"">
        <img src=""https://raw.githubusercontent.com/ucsd-psych201a/yu2007/7bcb1cdc5b4b7353d59e9a094362a2834d72f3fa/stimuli/condition2/image/4.jpg"" alt=""Image 1"">
        <img src=""https://raw.githubusercontent.com/ucsd-psych201a/yu2007/7bcb1cdc5b4b7353d59e9a094362a2834d72f3fa/stimuli/condition2/image/5.jpg"" alt=""Image 2"">
        <img src=""https://raw.githubusercontent.com/ucsd-psych201a/yu2007/7bcb1cdc5b4b7353d59e9a094362a2834d72f3fa/stimuli/condition2/image/6.jpg"" alt=""Image 3"">
      </div>
    ","null","","","","","","","","","",""
"","null","html-keyboard-response","66","2.0.0","270187","
      <div class=""image-container"">
        <img src=""https://raw.githubusercontent.com/ucsd-psych201a/yu2007/7bcb1cdc5b4b7353d59e9a094362a2834d72f3fa/stimuli/condition2/image/4.jpg"" alt=""Image 1"">
        <img src=""https://raw.githubusercontent.com/ucsd-psych201a/yu2007/7bcb1cdc5b4b7353d59e9a094362a2834d72f3fa/stimuli/condition2/image/5.jpg"" alt=""Image 2"">
        <img src=""https://raw.githubusercontent.com/ucsd-psych201a/yu2007/7bcb1cdc5b4b7353d59e9a094362a2834d72f3fa/stimuli/condition2/image/6.jpg"" alt=""Image 3"">
      </div>
      <div class=""timer"">Time Remaining: <span id=""timer"">6</span> seconds</div>
      <audio id=""audio_a"">
        <source src=""https://raw.githubusercontent.com/ucsd-psych201a/yu2007/7bcb1cdc5b4b7353d59e9a094362a2834d72f3fa/stimuli/condition2/audio/4.mp3"" type=""audio/mp3"">
      </audio>
      <audio id=""audio_b"">
        <source src=""https://raw.githubusercontent.com/ucsd-psych201a/yu2007/7bcb1cdc5b4b7353d59e9a094362a2834d72f3fa/stimuli/condition2/audio/5.mp3"" type=""audio/mp3"">
      </audio>
      <audio id=""audio_c"">
        <source src=""https://raw.githubusercontent.com/ucsd-psych201a/yu2007/7bcb1cdc5b4b7353d59e9a094362a2834d72f3fa/stimuli/condition2/audio/6.mp3"" type=""audio/mp3"">
      </audio>
     ","null","","","","","","","","","",""
"true","","preload","67","2.0.0","270191","","","","false","[]","[]","[]","","","","",""
"","null","html-keyboard-response","68","2.0.0","271206","
      <div class=""image-container"">
        <img src=""https://raw.githubusercontent.com/ucsd-psych201a/yu2007/7bcb1cdc5b4b7353d59e9a094362a2834d72f3fa/stimuli/condition2/image/8.jpg"" alt=""Image 1"">
        <img src=""https://raw.githubusercontent.com/ucsd-psych201a/yu2007/7bcb1cdc5b4b7353d59e9a094362a2834d72f3fa/stimuli/condition2/image/9.jpg"" alt=""Image 2"">
        <img src=""https://raw.githubusercontent.com/ucsd-psych201a/yu2007/7bcb1cdc5b4b7353d59e9a094362a2834d72f3fa/stimuli/condition2/image/7.jpg"" alt=""Image 3"">
      </div>
    ","null","","","","","","","","","",""
"","null","html-keyboard-response","69","2.0.0","280218","
      <div class=""image-container"">
        <img src=""https://raw.githubusercontent.com/ucsd-psych201a/yu2007/7bcb1cdc5b4b7353d59e9a094362a2834d72f3fa/stimuli/condition2/image/8.jpg"" alt=""Image 1"">
        <img src=""https://raw.githubusercontent.com/ucsd-psych201a/yu2007/7bcb1cdc5b4b7353d59e9a094362a2834d72f3fa/stimuli/condition2/image/9.jpg"" alt=""Image 2"">
        <img src=""https://raw.githubusercontent.com/ucsd-psych201a/yu2007/7bcb1cdc5b4b7353d59e9a094362a2834d72f3fa/stimuli/condition2/image/7.jpg"" alt=""Image 3"">
      </div>
      <div class=""timer"">Time Remaining: <span id=""timer"">6</span> seconds</div>
      <audio id=""audio_a"">
        <source src=""https://raw.githubusercontent.com/ucsd-psych201a/yu2007/7bcb1cdc5b4b7353d59e9a094362a2834d72f3fa/stimuli/condition2/audio/9.mp3"" type=""audio/mp3"">
      </audio>
      <audio id=""audio_b"">
        <source src=""https://raw.githubusercontent.com/ucsd-psych201a/yu2007/7bcb1cdc5b4b7353d59e9a094362a2834d72f3fa/stimuli/condition2/audio/7.mp3"" type=""audio/mp3"">
      </audio>
      <audio id=""audio_c"">
        <source src=""https://raw.githubusercontent.com/ucsd-psych201a/yu2007/7bcb1cdc5b4b7353d59e9a094362a2834d72f3fa/stimuli/condition2/audio/8.mp3"" type=""audio/mp3"">
      </audio>
     ","null","","","","","","","","","",""
"true","","preload","70","2.0.0","280222","","","","false","[]","[]","[]","","","","",""
"","null","html-keyboard-response","71","2.0.0","281231","
      <div class=""image-container"">
        <img src=""https://raw.githubusercontent.com/ucsd-psych201a/yu2007/7bcb1cdc5b4b7353d59e9a094362a2834d72f3fa/stimuli/condition2/image/14.jpg"" alt=""Image 1"">
        <img src=""https://raw.githubusercontent.com/ucsd-psych201a/yu2007/7bcb1cdc5b4b7353d59e9a094362a2834d72f3fa/stimuli/condition2/image/13.jpg"" alt=""Image 2"">
        <img src=""https://raw.githubusercontent.com/ucsd-psych201a/yu2007/7bcb1cdc5b4b7353d59e9a094362a2834d72f3fa/stimuli/condition2/image/15.jpg"" alt=""Image 3"">
      </div>
    ","null","","","","","","","","","",""
"","null","html-keyboard-response","72","2.0.0","290241","
      <div class=""image-container"">
        <img src=""https://raw.githubusercontent.com/ucsd-psych201a/yu2007/7bcb1cdc5b4b7353d59e9a094362a2834d72f3fa/stimuli/condition2/image/14.jpg"" alt=""Image 1"">
        <img src=""https://raw.githubusercontent.com/ucsd-psych201a/yu2007/7bcb1cdc5b4b7353d59e9a094362a2834d72f3fa/stimuli/condition2/image/13.jpg"" alt=""Image 2"">
        <img src=""https://raw.githubusercontent.com/ucsd-psych201a/yu2007/7bcb1cdc5b4b7353d59e9a094362a2834d72f3fa/stimuli/condition2/image/15.jpg"" alt=""Image 3"">
      </div>
      <div class=""timer"">Time Remaining: <span id=""timer"">6</span> seconds</div>
      <audio id=""audio_a"">
        <source src=""https://raw.githubusercontent.com/ucsd-psych201a/yu2007/7bcb1cdc5b4b7353d59e9a094362a2834d72f3fa/stimuli/condition2/audio/14.mp3"" type=""audio/mp3"">
      </audio>
      <audio id=""audio_b"">
        <source src=""https://raw.githubusercontent.com/ucsd-psych201a/yu2007/7bcb1cdc5b4b7353d59e9a094362a2834d72f3fa/stimuli/condition2/audio/13.mp3"" type=""audio/mp3"">
      </audio>
      <audio id=""audio_c"">
        <source src=""https://raw.githubusercontent.com/ucsd-psych201a/yu2007/7bcb1cdc5b4b7353d59e9a094362a2834d72f3fa/stimuli/condition2/audio/15.mp3"" type=""audio/mp3"">
      </audio>
     ","null","","","","","","","","","",""
"true","","preload","73","2.0.0","290244","","","","false","[]","[]","[]","","","","",""
"","null","html-keyboard-response","74","2.0.0","291252","
      <div class=""image-container"">
        <img src=""https://raw.githubusercontent.com/ucsd-psych201a/yu2007/7bcb1cdc5b4b7353d59e9a094362a2834d72f3fa/stimuli/condition2/image/14.jpg"" alt=""Image 1"">
        <img src=""https://raw.githubusercontent.com/ucsd-psych201a/yu2007/7bcb1cdc5b4b7353d59e9a094362a2834d72f3fa/stimuli/condition2/image/11.jpg"" alt=""Image 2"">
        <img src=""https://raw.githubusercontent.com/ucsd-psych201a/yu2007/7bcb1cdc5b4b7353d59e9a094362a2834d72f3fa/stimuli/condition2/image/17.jpg"" alt=""Image 3"">
      </div>
    ","null","","","","","","","","","",""
"","null","html-keyboard-response","75","2.0.0","300268","
      <div class=""image-container"">
        <img src=""https://raw.githubusercontent.com/ucsd-psych201a/yu2007/7bcb1cdc5b4b7353d59e9a094362a2834d72f3fa/stimuli/condition2/image/14.jpg"" alt=""Image 1"">
        <img src=""https://raw.githubusercontent.com/ucsd-psych201a/yu2007/7bcb1cdc5b4b7353d59e9a094362a2834d72f3fa/stimuli/condition2/image/11.jpg"" alt=""Image 2"">
        <img src=""https://raw.githubusercontent.com/ucsd-psych201a/yu2007/7bcb1cdc5b4b7353d59e9a094362a2834d72f3fa/stimuli/condition2/image/17.jpg"" alt=""Image 3"">
      </div>
      <div class=""timer"">Time Remaining: <span id=""timer"">6</span> seconds</div>
      <audio id=""audio_a"">
        <source src=""https://raw.githubusercontent.com/ucsd-psych201a/yu2007/7bcb1cdc5b4b7353d59e9a094362a2834d72f3fa/stimuli/condition2/audio/11.mp3"" type=""audio/mp3"">
      </audio>
      <audio id=""audio_b"">
        <source src=""https://raw.githubusercontent.com/ucsd-psych201a/yu2007/7bcb1cdc5b4b7353d59e9a094362a2834d72f3fa/stimuli/condition2/audio/14.mp3"" type=""audio/mp3"">
      </audio>
      <audio id=""audio_c"">
        <source src=""https://raw.githubusercontent.com/ucsd-psych201a/yu2007/7bcb1cdc5b4b7353d59e9a094362a2834d72f3fa/stimuli/condition2/audio/17.mp3"" type=""audio/mp3"">
      </audio>
     ","null","","","","","","","","","",""
"true","","preload","76","2.0.0","300272","","","","false","[]","[]","[]","","","","",""
"","null","html-keyboard-response","77","2.0.0","301283","
      <div class=""image-container"">
        <img src=""https://raw.githubusercontent.com/ucsd-psych201a/yu2007/7bcb1cdc5b4b7353d59e9a094362a2834d72f3fa/stimuli/condition2/image/18.jpg"" alt=""Image 1"">
        <img src=""https://raw.githubusercontent.com/ucsd-psych201a/yu2007/7bcb1cdc5b4b7353d59e9a094362a2834d72f3fa/stimuli/condition2/image/14.jpg"" alt=""Image 2"">
        <img src=""https://raw.githubusercontent.com/ucsd-psych201a/yu2007/7bcb1cdc5b4b7353d59e9a094362a2834d72f3fa/stimuli/condition2/image/16.jpg"" alt=""Image 3"">
      </div>
    ","null","","","","","","","","","",""
"","null","html-keyboard-response","78","2.0.0","310295","
      <div class=""image-container"">
        <img src=""https://raw.githubusercontent.com/ucsd-psych201a/yu2007/7bcb1cdc5b4b7353d59e9a094362a2834d72f3fa/stimuli/condition2/image/18.jpg"" alt=""Image 1"">
        <img src=""https://raw.githubusercontent.com/ucsd-psych201a/yu2007/7bcb1cdc5b4b7353d59e9a094362a2834d72f3fa/stimuli/condition2/image/14.jpg"" alt=""Image 2"">
        <img src=""https://raw.githubusercontent.com/ucsd-psych201a/yu2007/7bcb1cdc5b4b7353d59e9a094362a2834d72f3fa/stimuli/condition2/image/16.jpg"" alt=""Image 3"">
      </div>
      <div class=""timer"">Time Remaining: <span id=""timer"">6</span> seconds</div>
      <audio id=""audio_a"">
        <source src=""https://raw.githubusercontent.com/ucsd-psych201a/yu2007/7bcb1cdc5b4b7353d59e9a094362a2834d72f3fa/stimuli/condition2/audio/16.mp3"" type=""audio/mp3"">
      </audio>
      <audio id=""audio_b"">
        <source src=""https://raw.githubusercontent.com/ucsd-psych201a/yu2007/7bcb1cdc5b4b7353d59e9a094362a2834d72f3fa/stimuli/condition2/audio/14.mp3"" type=""audio/mp3"">
      </audio>
      <audio id=""audio_c"">
        <source src=""https://raw.githubusercontent.com/ucsd-psych201a/yu2007/7bcb1cdc5b4b7353d59e9a094362a2834d72f3fa/stimuli/condition2/audio/18.mp3"" type=""audio/mp3"">
      </audio>
     ","null","","","","","","","","","",""
"true","","preload","79","2.0.0","310299","","","","false","[]","[]","[]","","","","",""
"","null","html-keyboard-response","80","2.0.0","311305","
      <div class=""image-container"">
        <img src=""https://raw.githubusercontent.com/ucsd-psych201a/yu2007/7bcb1cdc5b4b7353d59e9a094362a2834d72f3fa/stimuli/condition2/image/6.jpg"" alt=""Image 1"">
        <img src=""https://raw.githubusercontent.com/ucsd-psych201a/yu2007/7bcb1cdc5b4b7353d59e9a094362a2834d72f3fa/stimuli/condition2/image/4.jpg"" alt=""Image 2"">
        <img src=""https://raw.githubusercontent.com/ucsd-psych201a/yu2007/7bcb1cdc5b4b7353d59e9a094362a2834d72f3fa/stimuli/condition2/image/5.jpg"" alt=""Image 3"">
      </div>
    ","null","","","","","","","","","",""
"","null","html-keyboard-response","81","2.0.0","320322","
      <div class=""image-container"">
        <img src=""https://raw.githubusercontent.com/ucsd-psych201a/yu2007/7bcb1cdc5b4b7353d59e9a094362a2834d72f3fa/stimuli/condition2/image/6.jpg"" alt=""Image 1"">
        <img src=""https://raw.githubusercontent.com/ucsd-psych201a/yu2007/7bcb1cdc5b4b7353d59e9a094362a2834d72f3fa/stimuli/condition2/image/4.jpg"" alt=""Image 2"">
        <img src=""https://raw.githubusercontent.com/ucsd-psych201a/yu2007/7bcb1cdc5b4b7353d59e9a094362a2834d72f3fa/stimuli/condition2/image/5.jpg"" alt=""Image 3"">
      </div>
      <div class=""timer"">Time Remaining: <span id=""timer"">6</span> seconds</div>
      <audio id=""audio_a"">
        <source src=""https://raw.githubusercontent.com/ucsd-psych201a/yu2007/7bcb1cdc5b4b7353d59e9a094362a2834d72f3fa/stimuli/condition2/audio/5.mp3"" type=""audio/mp3"">
      </audio>
      <audio id=""audio_b"">
        <source src=""https://raw.githubusercontent.com/ucsd-psych201a/yu2007/7bcb1cdc5b4b7353d59e9a094362a2834d72f3fa/stimuli/condition2/audio/4.mp3"" type=""audio/mp3"">
      </audio>
      <audio id=""audio_c"">
        <source src=""https://raw.githubusercontent.com/ucsd-psych201a/yu2007/7bcb1cdc5b4b7353d59e9a094362a2834d72f3fa/stimuli/condition2/audio/6.mp3"" type=""audio/mp3"">
      </audio>
     ","null","","","","","","","","","",""
"true","","preload","82","2.0.0","320326","","","","false","[]","[]","[]","","","","",""
"","null","html-keyboard-response","83","2.0.0","321334","
      <div class=""image-container"">
        <img src=""https://raw.githubusercontent.com/ucsd-psych201a/yu2007/7bcb1cdc5b4b7353d59e9a094362a2834d72f3fa/stimuli/condition2/image/18.jpg"" alt=""Image 1"">
        <img src=""https://raw.githubusercontent.com/ucsd-psych201a/yu2007/7bcb1cdc5b4b7353d59e9a094362a2834d72f3fa/stimuli/condition2/image/15.jpg"" alt=""Image 2"">
        <img src=""https://raw.githubusercontent.com/ucsd-psych201a/yu2007/7bcb1cdc5b4b7353d59e9a094362a2834d72f3fa/stimuli/condition2/image/12.jpg"" alt=""Image 3"">
      </div>
    ","null","","","","","","","","","",""
"","null","html-keyboard-response","84","2.0.0","330355","
      <div class=""image-container"">
        <img src=""https://raw.githubusercontent.com/ucsd-psych201a/yu2007/7bcb1cdc5b4b7353d59e9a094362a2834d72f3fa/stimuli/condition2/image/18.jpg"" alt=""Image 1"">
        <img src=""https://raw.githubusercontent.com/ucsd-psych201a/yu2007/7bcb1cdc5b4b7353d59e9a094362a2834d72f3fa/stimuli/condition2/image/15.jpg"" alt=""Image 2"">
        <img src=""https://raw.githubusercontent.com/ucsd-psych201a/yu2007/7bcb1cdc5b4b7353d59e9a094362a2834d72f3fa/stimuli/condition2/image/12.jpg"" alt=""Image 3"">
      </div>
      <div class=""timer"">Time Remaining: <span id=""timer"">6</span> seconds</div>
      <audio id=""audio_a"">
        <source src=""https://raw.githubusercontent.com/ucsd-psych201a/yu2007/7bcb1cdc5b4b7353d59e9a094362a2834d72f3fa/stimuli/condition2/audio/18.mp3"" type=""audio/mp3"">
      </audio>
      <audio id=""audio_b"">
        <source src=""https://raw.githubusercontent.com/ucsd-psych201a/yu2007/7bcb1cdc5b4b7353d59e9a094362a2834d72f3fa/stimuli/condition2/audio/15.mp3"" type=""audio/mp3"">
      </audio>
      <audio id=""audio_c"">
        <source src=""https://raw.githubusercontent.com/ucsd-psych201a/yu2007/7bcb1cdc5b4b7353d59e9a094362a2834d72f3fa/stimuli/condition2/audio/12.mp3"" type=""audio/mp3"">
      </audio>
     ","null","","","","","","","","","",""
"true","","preload","85","2.0.0","330359","","","","false","[]","[]","[]","","","","",""
"","null","html-keyboard-response","86","2.0.0","331373","
      <div class=""image-container"">
        <img src=""https://raw.githubusercontent.com/ucsd-psych201a/yu2007/7bcb1cdc5b4b7353d59e9a094362a2834d72f3fa/stimuli/condition2/image/12.jpg"" alt=""Image 1"">
        <img src=""https://raw.githubusercontent.com/ucsd-psych201a/yu2007/7bcb1cdc5b4b7353d59e9a094362a2834d72f3fa/stimuli/condition2/image/8.jpg"" alt=""Image 2"">
        <img src=""https://raw.githubusercontent.com/ucsd-psych201a/yu2007/7bcb1cdc5b4b7353d59e9a094362a2834d72f3fa/stimuli/condition2/image/10.jpg"" alt=""Image 3"">
      </div>
    ","null","","","","","","","","","",""
"","null","html-keyboard-response","87","2.0.0","340388","
      <div class=""image-container"">
        <img src=""https://raw.githubusercontent.com/ucsd-psych201a/yu2007/7bcb1cdc5b4b7353d59e9a094362a2834d72f3fa/stimuli/condition2/image/12.jpg"" alt=""Image 1"">
        <img src=""https://raw.githubusercontent.com/ucsd-psych201a/yu2007/7bcb1cdc5b4b7353d59e9a094362a2834d72f3fa/stimuli/condition2/image/8.jpg"" alt=""Image 2"">
        <img src=""https://raw.githubusercontent.com/ucsd-psych201a/yu2007/7bcb1cdc5b4b7353d59e9a094362a2834d72f3fa/stimuli/condition2/image/10.jpg"" alt=""Image 3"">
      </div>
      <div class=""timer"">Time Remaining: <span id=""timer"">6</span> seconds</div>
      <audio id=""audio_a"">
        <source src=""https://raw.githubusercontent.com/ucsd-psych201a/yu2007/7bcb1cdc5b4b7353d59e9a094362a2834d72f3fa/stimuli/condition2/audio/10.mp3"" type=""audio/mp3"">
      </audio>
      <audio id=""audio_b"">
        <source src=""https://raw.githubusercontent.com/ucsd-psych201a/yu2007/7bcb1cdc5b4b7353d59e9a094362a2834d72f3fa/stimuli/condition2/audio/12.mp3"" type=""audio/mp3"">
      </audio>
      <audio id=""audio_c"">
        <source src=""https://raw.githubusercontent.com/ucsd-psych201a/yu2007/7bcb1cdc5b4b7353d59e9a094362a2834d72f3fa/stimuli/condition2/audio/8.mp3"" type=""audio/mp3"">
      </audio>
     ","null","","","","","","","","","",""
"true","","preload","88","2.0.0","340392","","","","false","[]","[]","[]","","","","",""
"","null","html-keyboard-response","89","2.0.0","341395","
      <div class=""image-container"">
        <img src=""https://raw.githubusercontent.com/ucsd-psych201a/yu2007/7bcb1cdc5b4b7353d59e9a094362a2834d72f3fa/stimuli/condition2/image/3.jpg"" alt=""Image 1"">
        <img src=""https://raw.githubusercontent.com/ucsd-psych201a/yu2007/7bcb1cdc5b4b7353d59e9a094362a2834d72f3fa/stimuli/condition2/image/1.jpg"" alt=""Image 2"">
        <img src=""https://raw.githubusercontent.com/ucsd-psych201a/yu2007/7bcb1cdc5b4b7353d59e9a094362a2834d72f3fa/stimuli/condition2/image/2.jpg"" alt=""Image 3"">
      </div>
    ","null","","","","","","","","","",""
"","null","html-keyboard-response","90","2.0.0","350414","
      <div class=""image-container"">
        <img src=""https://raw.githubusercontent.com/ucsd-psych201a/yu2007/7bcb1cdc5b4b7353d59e9a094362a2834d72f3fa/stimuli/condition2/image/3.jpg"" alt=""Image 1"">
        <img src=""https://raw.githubusercontent.com/ucsd-psych201a/yu2007/7bcb1cdc5b4b7353d59e9a094362a2834d72f3fa/stimuli/condition2/image/1.jpg"" alt=""Image 2"">
        <img src=""https://raw.githubusercontent.com/ucsd-psych201a/yu2007/7bcb1cdc5b4b7353d59e9a094362a2834d72f3fa/stimuli/condition2/image/2.jpg"" alt=""Image 3"">
      </div>
      <div class=""timer"">Time Remaining: <span id=""timer"">6</span> seconds</div>
      <audio id=""audio_a"">
        <source src=""https://raw.githubusercontent.com/ucsd-psych201a/yu2007/7bcb1cdc5b4b7353d59e9a094362a2834d72f3fa/stimuli/condition2/audio/2.mp3"" type=""audio/mp3"">
      </audio>
      <audio id=""audio_b"">
        <source src=""https://raw.githubusercontent.com/ucsd-psych201a/yu2007/7bcb1cdc5b4b7353d59e9a094362a2834d72f3fa/stimuli/condition2/audio/1.mp3"" type=""audio/mp3"">
      </audio>
      <audio id=""audio_c"">
        <source src=""https://raw.githubusercontent.com/ucsd-psych201a/yu2007/7bcb1cdc5b4b7353d59e9a094362a2834d72f3fa/stimuli/condition2/audio/3.mp3"" type=""audio/mp3"">
      </audio>
     ","null","","","","","","","","","",""
"true","","preload","91","2.0.0","350418","","","","false","[]","[]","[]","","","","",""
"","null","html-keyboard-response","92","2.0.0","351427","
      <div class=""image-container"">
        <img src=""https://raw.githubusercontent.com/ucsd-psych201a/yu2007/7bcb1cdc5b4b7353d59e9a094362a2834d72f3fa/stimuli/condition2/image/13.jpg"" alt=""Image 1"">
        <img src=""https://raw.githubusercontent.com/ucsd-psych201a/yu2007/7bcb1cdc5b4b7353d59e9a094362a2834d72f3fa/stimuli/condition2/image/15.jpg"" alt=""Image 2"">
        <img src=""https://raw.githubusercontent.com/ucsd-psych201a/yu2007/7bcb1cdc5b4b7353d59e9a094362a2834d72f3fa/stimuli/condition2/image/14.jpg"" alt=""Image 3"">
      </div>
    ","null","","","","","","","","","",""
"","null","html-keyboard-response","93","2.0.0","360438","
      <div class=""image-container"">
        <img src=""https://raw.githubusercontent.com/ucsd-psych201a/yu2007/7bcb1cdc5b4b7353d59e9a094362a2834d72f3fa/stimuli/condition2/image/13.jpg"" alt=""Image 1"">
        <img src=""https://raw.githubusercontent.com/ucsd-psych201a/yu2007/7bcb1cdc5b4b7353d59e9a094362a2834d72f3fa/stimuli/condition2/image/15.jpg"" alt=""Image 2"">
        <img src=""https://raw.githubusercontent.com/ucsd-psych201a/yu2007/7bcb1cdc5b4b7353d59e9a094362a2834d72f3fa/stimuli/condition2/image/14.jpg"" alt=""Image 3"">
      </div>
      <div class=""timer"">Time Remaining: <span id=""timer"">6</span> seconds</div>
      <audio id=""audio_a"">
        <source src=""https://raw.githubusercontent.com/ucsd-psych201a/yu2007/7bcb1cdc5b4b7353d59e9a094362a2834d72f3fa/stimuli/condition2/audio/15.mp3"" type=""audio/mp3"">
      </audio>
      <audio id=""audio_b"">
        <source src=""https://raw.githubusercontent.com/ucsd-psych201a/yu2007/7bcb1cdc5b4b7353d59e9a094362a2834d72f3fa/stimuli/condition2/audio/14.mp3"" type=""audio/mp3"">
      </audio>
      <audio id=""audio_c"">
        <source src=""https://raw.githubusercontent.com/ucsd-psych201a/yu2007/7bcb1cdc5b4b7353d59e9a094362a2834d72f3fa/stimuli/condition2/audio/13.mp3"" type=""audio/mp3"">
      </audio>
     ","null","","","","","","","","","",""
"true","","preload","94","2.0.0","360442","","","","false","[]","[]","[]","","","","",""
"","null","html-keyboard-response","95","2.0.0","361452","
      <div class=""image-container"">
        <img src=""https://raw.githubusercontent.com/ucsd-psych201a/yu2007/7bcb1cdc5b4b7353d59e9a094362a2834d72f3fa/stimuli/condition2/image/12.jpg"" alt=""Image 1"">
        <img src=""https://raw.githubusercontent.com/ucsd-psych201a/yu2007/7bcb1cdc5b4b7353d59e9a094362a2834d72f3fa/stimuli/condition2/image/11.jpg"" alt=""Image 2"">
        <img src=""https://raw.githubusercontent.com/ucsd-psych201a/yu2007/7bcb1cdc5b4b7353d59e9a094362a2834d72f3fa/stimuli/condition2/image/10.jpg"" alt=""Image 3"">
      </div>
    ","null","","","","","","","","","",""
"","null","html-keyboard-response","96","2.0.0","370463","
      <div class=""image-container"">
        <img src=""https://raw.githubusercontent.com/ucsd-psych201a/yu2007/7bcb1cdc5b4b7353d59e9a094362a2834d72f3fa/stimuli/condition2/image/12.jpg"" alt=""Image 1"">
        <img src=""https://raw.githubusercontent.com/ucsd-psych201a/yu2007/7bcb1cdc5b4b7353d59e9a094362a2834d72f3fa/stimuli/condition2/image/11.jpg"" alt=""Image 2"">
        <img src=""https://raw.githubusercontent.com/ucsd-psych201a/yu2007/7bcb1cdc5b4b7353d59e9a094362a2834d72f3fa/stimuli/condition2/image/10.jpg"" alt=""Image 3"">
      </div>
      <div class=""timer"">Time Remaining: <span id=""timer"">6</span> seconds</div>
      <audio id=""audio_a"">
        <source src=""https://raw.githubusercontent.com/ucsd-psych201a/yu2007/7bcb1cdc5b4b7353d59e9a094362a2834d72f3fa/stimuli/condition2/audio/12.mp3"" type=""audio/mp3"">
      </audio>
      <audio id=""audio_b"">
        <source src=""https://raw.githubusercontent.com/ucsd-psych201a/yu2007/7bcb1cdc5b4b7353d59e9a094362a2834d72f3fa/stimuli/condition2/audio/11.mp3"" type=""audio/mp3"">
      </audio>
      <audio id=""audio_c"">
        <source src=""https://raw.githubusercontent.com/ucsd-psych201a/yu2007/7bcb1cdc5b4b7353d59e9a094362a2834d72f3fa/stimuli/condition2/audio/10.mp3"" type=""audio/mp3"">
      </audio>
     ","null","","","","","","","","","",""
"true","","preload","97","2.0.0","370466","","","","false","[]","[]","[]","","","","",""
"","null","html-keyboard-response","98","2.0.0","371476","
      <div class=""image-container"">
        <img src=""https://raw.githubusercontent.com/ucsd-psych201a/yu2007/7bcb1cdc5b4b7353d59e9a094362a2834d72f3fa/stimuli/condition2/image/7.jpg"" alt=""Image 1"">
        <img src=""https://raw.githubusercontent.com/ucsd-psych201a/yu2007/7bcb1cdc5b4b7353d59e9a094362a2834d72f3fa/stimuli/condition2/image/9.jpg"" alt=""Image 2"">
        <img src=""https://raw.githubusercontent.com/ucsd-psych201a/yu2007/7bcb1cdc5b4b7353d59e9a094362a2834d72f3fa/stimuli/condition2/image/8.jpg"" alt=""Image 3"">
      </div>
    ","null","","","","","","","","","",""
"","null","html-keyboard-response","99","2.0.0","380479","
      <div class=""image-container"">
        <img src=""https://raw.githubusercontent.com/ucsd-psych201a/yu2007/7bcb1cdc5b4b7353d59e9a094362a2834d72f3fa/stimuli/condition2/image/7.jpg"" alt=""Image 1"">
        <img src=""https://raw.githubusercontent.com/ucsd-psych201a/yu2007/7bcb1cdc5b4b7353d59e9a094362a2834d72f3fa/stimuli/condition2/image/9.jpg"" alt=""Image 2"">
        <img src=""https://raw.githubusercontent.com/ucsd-psych201a/yu2007/7bcb1cdc5b4b7353d59e9a094362a2834d72f3fa/stimuli/condition2/image/8.jpg"" alt=""Image 3"">
      </div>
      <div class=""timer"">Time Remaining: <span id=""timer"">6</span> seconds</div>
      <audio id=""audio_a"">
        <source src=""https://raw.githubusercontent.com/ucsd-psych201a/yu2007/7bcb1cdc5b4b7353d59e9a094362a2834d72f3fa/stimuli/condition2/audio/8.mp3"" type=""audio/mp3"">
      </audio>
      <audio id=""audio_b"">
        <source src=""https://raw.githubusercontent.com/ucsd-psych201a/yu2007/7bcb1cdc5b4b7353d59e9a094362a2834d72f3fa/stimuli/condition2/audio/9.mp3"" type=""audio/mp3"">
      </audio>
      <audio id=""audio_c"">
        <source src=""https://raw.githubusercontent.com/ucsd-psych201a/yu2007/7bcb1cdc5b4b7353d59e9a094362a2834d72f3fa/stimuli/condition2/audio/7.mp3"" type=""audio/mp3"">
      </audio>
     ","null","","","","","","","","","",""
"true","","preload","100","2.0.0","380483","","","","false","[]","[]","[]","","","","",""
"","null","html-keyboard-response","101","2.0.0","381491","
      <div class=""image-container"">
        <img src=""https://raw.githubusercontent.com/ucsd-psych201a/yu2007/7bcb1cdc5b4b7353d59e9a094362a2834d72f3fa/stimuli/condition2/image/13.jpg"" alt=""Image 1"">
        <img src=""https://raw.githubusercontent.com/ucsd-psych201a/yu2007/7bcb1cdc5b4b7353d59e9a094362a2834d72f3fa/stimuli/condition2/image/15.jpg"" alt=""Image 2"">
        <img src=""https://raw.githubusercontent.com/ucsd-psych201a/yu2007/7bcb1cdc5b4b7353d59e9a094362a2834d72f3fa/stimuli/condition2/image/17.jpg"" alt=""Image 3"">
      </div>
    ","null","","","","","","","","","",""
"","null","html-keyboard-response","102","2.0.0","390506","
      <div class=""image-container"">
        <img src=""https://raw.githubusercontent.com/ucsd-psych201a/yu2007/7bcb1cdc5b4b7353d59e9a094362a2834d72f3fa/stimuli/condition2/image/13.jpg"" alt=""Image 1"">
        <img src=""https://raw.githubusercontent.com/ucsd-psych201a/yu2007/7bcb1cdc5b4b7353d59e9a094362a2834d72f3fa/stimuli/condition2/image/15.jpg"" alt=""Image 2"">
        <img src=""https://raw.githubusercontent.com/ucsd-psych201a/yu2007/7bcb1cdc5b4b7353d59e9a094362a2834d72f3fa/stimuli/condition2/image/17.jpg"" alt=""Image 3"">
      </div>
      <div class=""timer"">Time Remaining: <span id=""timer"">6</span> seconds</div>
      <audio id=""audio_a"">
        <source src=""https://raw.githubusercontent.com/ucsd-psych201a/yu2007/7bcb1cdc5b4b7353d59e9a094362a2834d72f3fa/stimuli/condition2/audio/15.mp3"" type=""audio/mp3"">
      </audio>
      <audio id=""audio_b"">
        <source src=""https://raw.githubusercontent.com/ucsd-psych201a/yu2007/7bcb1cdc5b4b7353d59e9a094362a2834d72f3fa/stimuli/condition2/audio/17.mp3"" type=""audio/mp3"">
      </audio>
      <audio id=""audio_c"">
        <source src=""https://raw.githubusercontent.com/ucsd-psych201a/yu2007/7bcb1cdc5b4b7353d59e9a094362a2834d72f3fa/stimuli/condition2/audio/13.mp3"" type=""audio/mp3"">
      </audio>
     ","null","","","","","","","","","",""
"true","","preload","103","2.0.0","390510","","","","false","[]","[]","[]","","","","",""
"","null","html-keyboard-response","104","2.0.0","391519","
      <div class=""image-container"">
        <img src=""https://raw.githubusercontent.com/ucsd-psych201a/yu2007/7bcb1cdc5b4b7353d59e9a094362a2834d72f3fa/stimuli/condition2/image/5.jpg"" alt=""Image 1"">
        <img src=""https://raw.githubusercontent.com/ucsd-psych201a/yu2007/7bcb1cdc5b4b7353d59e9a094362a2834d72f3fa/stimuli/condition2/image/8.jpg"" alt=""Image 2"">
        <img src=""https://raw.githubusercontent.com/ucsd-psych201a/yu2007/7bcb1cdc5b4b7353d59e9a094362a2834d72f3fa/stimuli/condition2/image/2.jpg"" alt=""Image 3"">
      </div>
    ","null","","","","","","","","","",""
"","null","html-keyboard-response","105","2.0.0","400540","
      <div class=""image-container"">
        <img src=""https://raw.githubusercontent.com/ucsd-psych201a/yu2007/7bcb1cdc5b4b7353d59e9a094362a2834d72f3fa/stimuli/condition2/image/5.jpg"" alt=""Image 1"">
        <img src=""https://raw.githubusercontent.com/ucsd-psych201a/yu2007/7bcb1cdc5b4b7353d59e9a094362a2834d72f3fa/stimuli/condition2/image/8.jpg"" alt=""Image 2"">
        <img src=""https://raw.githubusercontent.com/ucsd-psych201a/yu2007/7bcb1cdc5b4b7353d59e9a094362a2834d72f3fa/stimuli/condition2/image/2.jpg"" alt=""Image 3"">
      </div>
      <div class=""timer"">Time Remaining: <span id=""timer"">6</span> seconds</div>
      <audio id=""audio_a"">
        <source src=""https://raw.githubusercontent.com/ucsd-psych201a/yu2007/7bcb1cdc5b4b7353d59e9a094362a2834d72f3fa/stimuli/condition2/audio/5.mp3"" type=""audio/mp3"">
      </audio>
      <audio id=""audio_b"">
        <source src=""https://raw.githubusercontent.com/ucsd-psych201a/yu2007/7bcb1cdc5b4b7353d59e9a094362a2834d72f3fa/stimuli/condition2/audio/2.mp3"" type=""audio/mp3"">
      </audio>
      <audio id=""audio_c"">
        <source src=""https://raw.githubusercontent.com/ucsd-psych201a/yu2007/7bcb1cdc5b4b7353d59e9a094362a2834d72f3fa/stimuli/condition2/audio/8.mp3"" type=""audio/mp3"">
      </audio>
     ","null","","","","","","","","","",""
"true","","preload","106","2.0.0","400544","","","","false","[]","[]","[]","","","","",""
"","null","html-keyboard-response","107","2.0.0","401550","
      <div class=""image-container"">
        <img src=""https://raw.githubusercontent.com/ucsd-psych201a/yu2007/7bcb1cdc5b4b7353d59e9a094362a2834d72f3fa/stimuli/condition2/image/18.jpg"" alt=""Image 1"">
        <img src=""https://raw.githubusercontent.com/ucsd-psych201a/yu2007/7bcb1cdc5b4b7353d59e9a094362a2834d72f3fa/stimuli/condition2/image/17.jpg"" alt=""Image 2"">
        <img src=""https://raw.githubusercontent.com/ucsd-psych201a/yu2007/7bcb1cdc5b4b7353d59e9a094362a2834d72f3fa/stimuli/condition2/image/16.jpg"" alt=""Image 3"">
      </div>
    ","null","","","","","","","","","",""
"","null","html-keyboard-response","108","2.0.0","410565","
      <div class=""image-container"">
        <img src=""https://raw.githubusercontent.com/ucsd-psych201a/yu2007/7bcb1cdc5b4b7353d59e9a094362a2834d72f3fa/stimuli/condition2/image/18.jpg"" alt=""Image 1"">
        <img src=""https://raw.githubusercontent.com/ucsd-psych201a/yu2007/7bcb1cdc5b4b7353d59e9a094362a2834d72f3fa/stimuli/condition2/image/17.jpg"" alt=""Image 2"">
        <img src=""https://raw.githubusercontent.com/ucsd-psych201a/yu2007/7bcb1cdc5b4b7353d59e9a094362a2834d72f3fa/stimuli/condition2/image/16.jpg"" alt=""Image 3"">
      </div>
      <div class=""timer"">Time Remaining: <span id=""timer"">6</span> seconds</div>
      <audio id=""audio_a"">
        <source src=""https://raw.githubusercontent.com/ucsd-psych201a/yu2007/7bcb1cdc5b4b7353d59e9a094362a2834d72f3fa/stimuli/condition2/audio/17.mp3"" type=""audio/mp3"">
      </audio>
      <audio id=""audio_b"">
        <source src=""https://raw.githubusercontent.com/ucsd-psych201a/yu2007/7bcb1cdc5b4b7353d59e9a094362a2834d72f3fa/stimuli/condition2/audio/16.mp3"" type=""audio/mp3"">
      </audio>
      <audio id=""audio_c"">
        <source src=""https://raw.githubusercontent.com/ucsd-psych201a/yu2007/7bcb1cdc5b4b7353d59e9a094362a2834d72f3fa/stimuli/condition2/audio/18.mp3"" type=""audio/mp3"">
      </audio>
     ","null","","","","","","","","","",""
"true","","preload","109","2.0.0","410566","","","","false","[]","[]","[]","","","","",""
"","null","html-keyboard-response","110","2.0.0","411578","
      <div class=""image-container"">
        <img src=""https://raw.githubusercontent.com/ucsd-psych201a/yu2007/7bcb1cdc5b4b7353d59e9a094362a2834d72f3fa/stimuli/condition2/image/12.jpg"" alt=""Image 1"">
        <img src=""https://raw.githubusercontent.com/ucsd-psych201a/yu2007/7bcb1cdc5b4b7353d59e9a094362a2834d72f3fa/stimuli/condition2/image/10.jpg"" alt=""Image 2"">
        <img src=""https://raw.githubusercontent.com/ucsd-psych201a/yu2007/7bcb1cdc5b4b7353d59e9a094362a2834d72f3fa/stimuli/condition2/image/11.jpg"" alt=""Image 3"">
      </div>
    ","null","","","","","","","","","",""
"","null","html-keyboard-response","111","2.0.0","420584","
      <div class=""image-container"">
        <img src=""https://raw.githubusercontent.com/ucsd-psych201a/yu2007/7bcb1cdc5b4b7353d59e9a094362a2834d72f3fa/stimuli/condition2/image/12.jpg"" alt=""Image 1"">
        <img src=""https://raw.githubusercontent.com/ucsd-psych201a/yu2007/7bcb1cdc5b4b7353d59e9a094362a2834d72f3fa/stimuli/condition2/image/10.jpg"" alt=""Image 2"">
        <img src=""https://raw.githubusercontent.com/ucsd-psych201a/yu2007/7bcb1cdc5b4b7353d59e9a094362a2834d72f3fa/stimuli/condition2/image/11.jpg"" alt=""Image 3"">
      </div>
      <div class=""timer"">Time Remaining: <span id=""timer"">6</span> seconds</div>
      <audio id=""audio_a"">
        <source src=""https://raw.githubusercontent.com/ucsd-psych201a/yu2007/7bcb1cdc5b4b7353d59e9a094362a2834d72f3fa/stimuli/condition2/audio/12.mp3"" type=""audio/mp3"">
      </audio>
      <audio id=""audio_b"">
        <source src=""https://raw.githubusercontent.com/ucsd-psych201a/yu2007/7bcb1cdc5b4b7353d59e9a094362a2834d72f3fa/stimuli/condition2/audio/10.mp3"" type=""audio/mp3"">
      </audio>
      <audio id=""audio_c"">
        <source src=""https://raw.githubusercontent.com/ucsd-psych201a/yu2007/7bcb1cdc5b4b7353d59e9a094362a2834d72f3fa/stimuli/condition2/audio/11.mp3"" type=""audio/mp3"">
      </audio>
     ","null","","","","","","","","","",""
"true","","preload","112","2.0.0","420585","","","","false","[]","[]","[]","","","","",""
"","null","html-keyboard-response","113","2.0.0","421590","
      <div class=""image-container"">
        <img src=""https://raw.githubusercontent.com/ucsd-psych201a/yu2007/7bcb1cdc5b4b7353d59e9a094362a2834d72f3fa/stimuli/condition2/image/10.jpg"" alt=""Image 1"">
        <img src=""https://raw.githubusercontent.com/ucsd-psych201a/yu2007/7bcb1cdc5b4b7353d59e9a094362a2834d72f3fa/stimuli/condition2/image/11.jpg"" alt=""Image 2"">
        <img src=""https://raw.githubusercontent.com/ucsd-psych201a/yu2007/7bcb1cdc5b4b7353d59e9a094362a2834d72f3fa/stimuli/condition2/image/12.jpg"" alt=""Image 3"">
      </div>
    ","null","","","","","","","","","",""
"","null","html-keyboard-response","114","2.0.0","430598","
      <div class=""image-container"">
        <img src=""https://raw.githubusercontent.com/ucsd-psych201a/yu2007/7bcb1cdc5b4b7353d59e9a094362a2834d72f3fa/stimuli/condition2/image/10.jpg"" alt=""Image 1"">
        <img src=""https://raw.githubusercontent.com/ucsd-psych201a/yu2007/7bcb1cdc5b4b7353d59e9a094362a2834d72f3fa/stimuli/condition2/image/11.jpg"" alt=""Image 2"">
        <img src=""https://raw.githubusercontent.com/ucsd-psych201a/yu2007/7bcb1cdc5b4b7353d59e9a094362a2834d72f3fa/stimuli/condition2/image/12.jpg"" alt=""Image 3"">
      </div>
      <div class=""timer"">Time Remaining: <span id=""timer"">6</span> seconds</div>
      <audio id=""audio_a"">
        <source src=""https://raw.githubusercontent.com/ucsd-psych201a/yu2007/7bcb1cdc5b4b7353d59e9a094362a2834d72f3fa/stimuli/condition2/audio/11.mp3"" type=""audio/mp3"">
      </audio>
      <audio id=""audio_b"">
        <source src=""https://raw.githubusercontent.com/ucsd-psych201a/yu2007/7bcb1cdc5b4b7353d59e9a094362a2834d72f3fa/stimuli/condition2/audio/10.mp3"" type=""audio/mp3"">
      </audio>
      <audio id=""audio_c"">
        <source src=""https://raw.githubusercontent.com/ucsd-psych201a/yu2007/7bcb1cdc5b4b7353d59e9a094362a2834d72f3fa/stimuli/condition2/audio/12.mp3"" type=""audio/mp3"">
      </audio>
     ","null","","","","","","","","","",""
"","10304","html-keyboard-response","115","2.0.0","447426","","","h","","","","","","","","",""
"","6149","html-button-response","116","2.0.0","453578","
      <div style=""text-align: center;"">
        <p style=""margin-bottom: 30px; font-weight: bold;font-size: 36px;"">Listen to the audio and select the matching image:</p>
        <audio src=""https://raw.githubusercontent.com/ucsd-psych201a/yu2007/7bcb1cdc5b4b7353d59e9a094362a2834d72f3fa/stimuli/condition2/audio/1.mp3"" autoplay></audio>
        <div style=""display: flex; justify-content: center; gap: 20px; margin-top: 20px;"">
          <div style=""display: flex; flex-direction: column; align-items: center;"">
                  <button class=""jspsych-btn"" style=""padding: 0; border: none; background: none;"">
                    <img src=""https://raw.githubusercontent.com/ucsd-psych201a/yu2007/7bcb1cdc5b4b7353d59e9a094362a2834d72f3fa/stimuli/condition2/image/12.jpg"" 
                         alt=""Image 12"" 
                         style=""width: 300px; height: auto; display: block;"">
                  </button>
                  <div style=""margin-top: 50px; font-weight: bold;"">A</div>
                </div><div style=""display: flex; flex-direction: column; align-items: center;"">
                  <button class=""jspsych-btn"" style=""padding: 0; border: none; background: none;"">
                    <img src=""https://raw.githubusercontent.com/ucsd-psych201a/yu2007/7bcb1cdc5b4b7353d59e9a094362a2834d72f3fa/stimuli/condition2/image/17.jpg"" 
                         alt=""Image 17"" 
                         style=""width: 300px; height: auto; display: block;"">
                  </button>
                  <div style=""margin-top: 50px; font-weight: bold;"">B</div>
                </div><div style=""display: flex; flex-direction: column; align-items: center;"">
                  <button class=""jspsych-btn"" style=""padding: 0; border: none; background: none;"">
                    <img src=""https://raw.githubusercontent.com/ucsd-psych201a/yu2007/7bcb1cdc5b4b7353d59e9a094362a2834d72f3fa/stimuli/condition2/image/1.jpg"" 
                         alt=""Image 1"" 
                         style=""width: 300px; height: auto; display: block;"">
                  </button>
                  <div style=""margin-top: 50px; font-weight: bold;"">C</div>
                </div><div style=""display: flex; flex-direction: column; align-items: center;"">
                  <button class=""jspsych-btn"" style=""padding: 0; border: none; background: none;"">
                    <img src=""https://raw.githubusercontent.com/ucsd-psych201a/yu2007/7bcb1cdc5b4b7353d59e9a094362a2834d72f3fa/stimuli/condition2/image/7.jpg"" 
                         alt=""Image 7"" 
                         style=""width: 300px; height: auto; display: block;"">
                  </button>
                  <div style=""margin-top: 50px; font-weight: bold;"">D</div>
                </div>
        </div>
      </div>
    ","2","","","","","","C","1","C","true","6149"
"","4894","html-button-response","117","2.0.0","458474","
      <div style=""text-align: center;"">
        <p style=""margin-bottom: 30px; font-weight: bold;font-size: 36px;"">Listen to the audio and select the matching image:</p>
        <audio src=""https://raw.githubusercontent.com/ucsd-psych201a/yu2007/7bcb1cdc5b4b7353d59e9a094362a2834d72f3fa/stimuli/condition2/audio/2.mp3"" autoplay></audio>
        <div style=""display: flex; justify-content: center; gap: 20px; margin-top: 20px;"">
          <div style=""display: flex; flex-direction: column; align-items: center;"">
                  <button class=""jspsych-btn"" style=""padding: 0; border: none; background: none;"">
                    <img src=""https://raw.githubusercontent.com/ucsd-psych201a/yu2007/7bcb1cdc5b4b7353d59e9a094362a2834d72f3fa/stimuli/condition2/image/7.jpg"" 
                         alt=""Image 7"" 
                         style=""width: 300px; height: auto; display: block;"">
                  </button>
                  <div style=""margin-top: 50px; font-weight: bold;"">A</div>
                </div><div style=""display: flex; flex-direction: column; align-items: center;"">
                  <button class=""jspsych-btn"" style=""padding: 0; border: none; background: none;"">
                    <img src=""https://raw.githubusercontent.com/ucsd-psych201a/yu2007/7bcb1cdc5b4b7353d59e9a094362a2834d72f3fa/stimuli/condition2/image/4.jpg"" 
                         alt=""Image 4"" 
                         style=""width: 300px; height: auto; display: block;"">
                  </button>
                  <div style=""margin-top: 50px; font-weight: bold;"">B</div>
                </div><div style=""display: flex; flex-direction: column; align-items: center;"">
                  <button class=""jspsych-btn"" style=""padding: 0; border: none; background: none;"">
                    <img src=""https://raw.githubusercontent.com/ucsd-psych201a/yu2007/7bcb1cdc5b4b7353d59e9a094362a2834d72f3fa/stimuli/condition2/image/2.jpg"" 
                         alt=""Image 2"" 
                         style=""width: 300px; height: auto; display: block;"">
                  </button>
                  <div style=""margin-top: 50px; font-weight: bold;"">C</div>
                </div><div style=""display: flex; flex-direction: column; align-items: center;"">
                  <button class=""jspsych-btn"" style=""padding: 0; border: none; background: none;"">
                    <img src=""https://raw.githubusercontent.com/ucsd-psych201a/yu2007/7bcb1cdc5b4b7353d59e9a094362a2834d72f3fa/stimuli/condition2/image/15.jpg"" 
                         alt=""Image 15"" 
                         style=""width: 300px; height: auto; display: block;"">
                  </button>
                  <div style=""margin-top: 50px; font-weight: bold;"">D</div>
                </div>
        </div>
      </div>
    ","2","","","","","","C","2","C","true","4894"
"","3494","html-button-response","118","2.0.0","461969","
      <div style=""text-align: center;"">
        <p style=""margin-bottom: 30px; font-weight: bold;font-size: 36px;"">Listen to the audio and select the matching image:</p>
        <audio src=""https://raw.githubusercontent.com/ucsd-psych201a/yu2007/7bcb1cdc5b4b7353d59e9a094362a2834d72f3fa/stimuli/condition2/audio/3.mp3"" autoplay></audio>
        <div style=""display: flex; justify-content: center; gap: 20px; margin-top: 20px;"">
          <div style=""display: flex; flex-direction: column; align-items: center;"">
                  <button class=""jspsych-btn"" style=""padding: 0; border: none; background: none;"">
                    <img src=""https://raw.githubusercontent.com/ucsd-psych201a/yu2007/7bcb1cdc5b4b7353d59e9a094362a2834d72f3fa/stimuli/condition2/image/12.jpg"" 
                         alt=""Image 12"" 
                         style=""width: 300px; height: auto; display: block;"">
                  </button>
                  <div style=""margin-top: 50px; font-weight: bold;"">A</div>
                </div><div style=""display: flex; flex-direction: column; align-items: center;"">
                  <button class=""jspsych-btn"" style=""padding: 0; border: none; background: none;"">
                    <img src=""https://raw.githubusercontent.com/ucsd-psych201a/yu2007/7bcb1cdc5b4b7353d59e9a094362a2834d72f3fa/stimuli/condition2/image/9.jpg"" 
                         alt=""Image 9"" 
                         style=""width: 300px; height: auto; display: block;"">
                  </button>
                  <div style=""margin-top: 50px; font-weight: bold;"">B</div>
                </div><div style=""display: flex; flex-direction: column; align-items: center;"">
                  <button class=""jspsych-btn"" style=""padding: 0; border: none; background: none;"">
                    <img src=""https://raw.githubusercontent.com/ucsd-psych201a/yu2007/7bcb1cdc5b4b7353d59e9a094362a2834d72f3fa/stimuli/condition2/image/3.jpg"" 
                         alt=""Image 3"" 
                         style=""width: 300px; height: auto; display: block;"">
                  </button>
                  <div style=""margin-top: 50px; font-weight: bold;"">C</div>
                </div><div style=""display: flex; flex-direction: column; align-items: center;"">
                  <button class=""jspsych-btn"" style=""padding: 0; border: none; background: none;"">
                    <img src=""https://raw.githubusercontent.com/ucsd-psych201a/yu2007/7bcb1cdc5b4b7353d59e9a094362a2834d72f3fa/stimuli/condition2/image/11.jpg"" 
                         alt=""Image 11"" 
                         style=""width: 300px; height: auto; display: block;"">
                  </button>
                  <div style=""margin-top: 50px; font-weight: bold;"">D</div>
                </div>
        </div>
      </div>
    ","1","","","","","","C","3","B","false","3494"
"","5607","html-button-response","119","2.0.0","467578","
      <div style=""text-align: center;"">
        <p style=""margin-bottom: 30px; font-weight: bold;font-size: 36px;"">Listen to the audio and select the matching image:</p>
        <audio src=""https://raw.githubusercontent.com/ucsd-psych201a/yu2007/7bcb1cdc5b4b7353d59e9a094362a2834d72f3fa/stimuli/condition2/audio/4.mp3"" autoplay></audio>
        <div style=""display: flex; justify-content: center; gap: 20px; margin-top: 20px;"">
          <div style=""display: flex; flex-direction: column; align-items: center;"">
                  <button class=""jspsych-btn"" style=""padding: 0; border: none; background: none;"">
                    <img src=""https://raw.githubusercontent.com/ucsd-psych201a/yu2007/7bcb1cdc5b4b7353d59e9a094362a2834d72f3fa/stimuli/condition2/image/1.jpg"" 
                         alt=""Image 1"" 
                         style=""width: 300px; height: auto; display: block;"">
                  </button>
                  <div style=""margin-top: 50px; font-weight: bold;"">A</div>
                </div><div style=""display: flex; flex-direction: column; align-items: center;"">
                  <button class=""jspsych-btn"" style=""padding: 0; border: none; background: none;"">
                    <img src=""https://raw.githubusercontent.com/ucsd-psych201a/yu2007/7bcb1cdc5b4b7353d59e9a094362a2834d72f3fa/stimuli/condition2/image/6.jpg"" 
                         alt=""Image 6"" 
                         style=""width: 300px; height: auto; display: block;"">
                  </button>
                  <div style=""margin-top: 50px; font-weight: bold;"">B</div>
                </div><div style=""display: flex; flex-direction: column; align-items: center;"">
                  <button class=""jspsych-btn"" style=""padding: 0; border: none; background: none;"">
                    <img src=""https://raw.githubusercontent.com/ucsd-psych201a/yu2007/7bcb1cdc5b4b7353d59e9a094362a2834d72f3fa/stimuli/condition2/image/4.jpg"" 
                         alt=""Image 4"" 
                         style=""width: 300px; height: auto; display: block;"">
                  </button>
                  <div style=""margin-top: 50px; font-weight: bold;"">C</div>
                </div><div style=""display: flex; flex-direction: column; align-items: center;"">
                  <button class=""jspsych-btn"" style=""padding: 0; border: none; background: none;"">
                    <img src=""https://raw.githubusercontent.com/ucsd-psych201a/yu2007/7bcb1cdc5b4b7353d59e9a094362a2834d72f3fa/stimuli/condition2/image/8.jpg"" 
                         alt=""Image 8"" 
                         style=""width: 300px; height: auto; display: block;"">
                  </button>
                  <div style=""margin-top: 50px; font-weight: bold;"">D</div>
                </div>
        </div>
      </div>
    ","3","","","","","","C","4","D","false","5607"
"","5302","html-button-response","120","2.0.0","472882","
      <div style=""text-align: center;"">
        <p style=""margin-bottom: 30px; font-weight: bold;font-size: 36px;"">Listen to the audio and select the matching image:</p>
        <audio src=""https://raw.githubusercontent.com/ucsd-psych201a/yu2007/7bcb1cdc5b4b7353d59e9a094362a2834d72f3fa/stimuli/condition2/audio/5.mp3"" autoplay></audio>
        <div style=""display: flex; justify-content: center; gap: 20px; margin-top: 20px;"">
          <div style=""display: flex; flex-direction: column; align-items: center;"">
                  <button class=""jspsych-btn"" style=""padding: 0; border: none; background: none;"">
                    <img src=""https://raw.githubusercontent.com/ucsd-psych201a/yu2007/7bcb1cdc5b4b7353d59e9a094362a2834d72f3fa/stimuli/condition2/image/1.jpg"" 
                         alt=""Image 1"" 
                         style=""width: 300px; height: auto; display: block;"">
                  </button>
                  <div style=""margin-top: 50px; font-weight: bold;"">A</div>
                </div><div style=""display: flex; flex-direction: column; align-items: center;"">
                  <button class=""jspsych-btn"" style=""padding: 0; border: none; background: none;"">
                    <img src=""https://raw.githubusercontent.com/ucsd-psych201a/yu2007/7bcb1cdc5b4b7353d59e9a094362a2834d72f3fa/stimuli/condition2/image/8.jpg"" 
                         alt=""Image 8"" 
                         style=""width: 300px; height: auto; display: block;"">
                  </button>
                  <div style=""margin-top: 50px; font-weight: bold;"">B</div>
                </div><div style=""display: flex; flex-direction: column; align-items: center;"">
                  <button class=""jspsych-btn"" style=""padding: 0; border: none; background: none;"">
                    <img src=""https://raw.githubusercontent.com/ucsd-psych201a/yu2007/7bcb1cdc5b4b7353d59e9a094362a2834d72f3fa/stimuli/condition2/image/5.jpg"" 
                         alt=""Image 5"" 
                         style=""width: 300px; height: auto; display: block;"">
                  </button>
                  <div style=""margin-top: 50px; font-weight: bold;"">C</div>
                </div><div style=""display: flex; flex-direction: column; align-items: center;"">
                  <button class=""jspsych-btn"" style=""padding: 0; border: none; background: none;"">
                    <img src=""https://raw.githubusercontent.com/ucsd-psych201a/yu2007/7bcb1cdc5b4b7353d59e9a094362a2834d72f3fa/stimuli/condition2/image/12.jpg"" 
                         alt=""Image 12"" 
                         style=""width: 300px; height: auto; display: block;"">
                  </button>
                  <div style=""margin-top: 50px; font-weight: bold;"">D</div>
                </div>
        </div>
      </div>
    ","3","","","","","","C","5","D","false","5302"
"","4374","html-button-response","121","2.0.0","477258","
      <div style=""text-align: center;"">
        <p style=""margin-bottom: 30px; font-weight: bold;font-size: 36px;"">Listen to the audio and select the matching image:</p>
        <audio src=""https://raw.githubusercontent.com/ucsd-psych201a/yu2007/7bcb1cdc5b4b7353d59e9a094362a2834d72f3fa/stimuli/condition2/audio/6.mp3"" autoplay></audio>
        <div style=""display: flex; justify-content: center; gap: 20px; margin-top: 20px;"">
          <div style=""display: flex; flex-direction: column; align-items: center;"">
                  <button class=""jspsych-btn"" style=""padding: 0; border: none; background: none;"">
                    <img src=""https://raw.githubusercontent.com/ucsd-psych201a/yu2007/7bcb1cdc5b4b7353d59e9a094362a2834d72f3fa/stimuli/condition2/image/7.jpg"" 
                         alt=""Image 7"" 
                         style=""width: 300px; height: auto; display: block;"">
                  </button>
                  <div style=""margin-top: 50px; font-weight: bold;"">A</div>
                </div><div style=""display: flex; flex-direction: column; align-items: center;"">
                  <button class=""jspsych-btn"" style=""padding: 0; border: none; background: none;"">
                    <img src=""https://raw.githubusercontent.com/ucsd-psych201a/yu2007/7bcb1cdc5b4b7353d59e9a094362a2834d72f3fa/stimuli/condition2/image/11.jpg"" 
                         alt=""Image 11"" 
                         style=""width: 300px; height: auto; display: block;"">
                  </button>
                  <div style=""margin-top: 50px; font-weight: bold;"">B</div>
                </div><div style=""display: flex; flex-direction: column; align-items: center;"">
                  <button class=""jspsych-btn"" style=""padding: 0; border: none; background: none;"">
                    <img src=""https://raw.githubusercontent.com/ucsd-psych201a/yu2007/7bcb1cdc5b4b7353d59e9a094362a2834d72f3fa/stimuli/condition2/image/6.jpg"" 
                         alt=""Image 6"" 
                         style=""width: 300px; height: auto; display: block;"">
                  </button>
                  <div style=""margin-top: 50px; font-weight: bold;"">C</div>
                </div><div style=""display: flex; flex-direction: column; align-items: center;"">
                  <button class=""jspsych-btn"" style=""padding: 0; border: none; background: none;"">
                    <img src=""https://raw.githubusercontent.com/ucsd-psych201a/yu2007/7bcb1cdc5b4b7353d59e9a094362a2834d72f3fa/stimuli/condition2/image/18.jpg"" 
                         alt=""Image 18"" 
                         style=""width: 300px; height: auto; display: block;"">
                  </button>
                  <div style=""margin-top: 50px; font-weight: bold;"">D</div>
                </div>
        </div>
      </div>
    ","1","","","","","","C","6","B","false","4374"
"","3591","html-button-response","122","2.0.0","480850","
      <div style=""text-align: center;"">
        <p style=""margin-bottom: 30px; font-weight: bold;font-size: 36px;"">Listen to the audio and select the matching image:</p>
        <audio src=""https://raw.githubusercontent.com/ucsd-psych201a/yu2007/7bcb1cdc5b4b7353d59e9a094362a2834d72f3fa/stimuli/condition2/audio/7.mp3"" autoplay></audio>
        <div style=""display: flex; justify-content: center; gap: 20px; margin-top: 20px;"">
          <div style=""display: flex; flex-direction: column; align-items: center;"">
                  <button class=""jspsych-btn"" style=""padding: 0; border: none; background: none;"">
                    <img src=""https://raw.githubusercontent.com/ucsd-psych201a/yu2007/7bcb1cdc5b4b7353d59e9a094362a2834d72f3fa/stimuli/condition2/image/5.jpg"" 
                         alt=""Image 5"" 
                         style=""width: 300px; height: auto; display: block;"">
                  </button>
                  <div style=""margin-top: 50px; font-weight: bold;"">A</div>
                </div><div style=""display: flex; flex-direction: column; align-items: center;"">
                  <button class=""jspsych-btn"" style=""padding: 0; border: none; background: none;"">
                    <img src=""https://raw.githubusercontent.com/ucsd-psych201a/yu2007/7bcb1cdc5b4b7353d59e9a094362a2834d72f3fa/stimuli/condition2/image/6.jpg"" 
                         alt=""Image 6"" 
                         style=""width: 300px; height: auto; display: block;"">
                  </button>
                  <div style=""margin-top: 50px; font-weight: bold;"">B</div>
                </div><div style=""display: flex; flex-direction: column; align-items: center;"">
                  <button class=""jspsych-btn"" style=""padding: 0; border: none; background: none;"">
                    <img src=""https://raw.githubusercontent.com/ucsd-psych201a/yu2007/7bcb1cdc5b4b7353d59e9a094362a2834d72f3fa/stimuli/condition2/image/7.jpg"" 
                         alt=""Image 7"" 
                         style=""width: 300px; height: auto; display: block;"">
                  </button>
                  <div style=""margin-top: 50px; font-weight: bold;"">C</div>
                </div><div style=""display: flex; flex-direction: column; align-items: center;"">
                  <button class=""jspsych-btn"" style=""padding: 0; border: none; background: none;"">
                    <img src=""https://raw.githubusercontent.com/ucsd-psych201a/yu2007/7bcb1cdc5b4b7353d59e9a094362a2834d72f3fa/stimuli/condition2/image/8.jpg"" 
                         alt=""Image 8"" 
                         style=""width: 300px; height: auto; display: block;"">
                  </button>
                  <div style=""margin-top: 50px; font-weight: bold;"">D</div>
                </div>
        </div>
      </div>
    ","0","","","","","","C","7","A","false","3591"
"","5742","html-button-response","123","2.0.0","486594","
      <div style=""text-align: center;"">
        <p style=""margin-bottom: 30px; font-weight: bold;font-size: 36px;"">Listen to the audio and select the matching image:</p>
        <audio src=""https://raw.githubusercontent.com/ucsd-psych201a/yu2007/7bcb1cdc5b4b7353d59e9a094362a2834d72f3fa/stimuli/condition2/audio/8.mp3"" autoplay></audio>
        <div style=""display: flex; justify-content: center; gap: 20px; margin-top: 20px;"">
          <div style=""display: flex; flex-direction: column; align-items: center;"">
                  <button class=""jspsych-btn"" style=""padding: 0; border: none; background: none;"">
                    <img src=""https://raw.githubusercontent.com/ucsd-psych201a/yu2007/7bcb1cdc5b4b7353d59e9a094362a2834d72f3fa/stimuli/condition2/image/16.jpg"" 
                         alt=""Image 16"" 
                         style=""width: 300px; height: auto; display: block;"">
                  </button>
                  <div style=""margin-top: 50px; font-weight: bold;"">A</div>
                </div><div style=""display: flex; flex-direction: column; align-items: center;"">
                  <button class=""jspsych-btn"" style=""padding: 0; border: none; background: none;"">
                    <img src=""https://raw.githubusercontent.com/ucsd-psych201a/yu2007/7bcb1cdc5b4b7353d59e9a094362a2834d72f3fa/stimuli/condition2/image/8.jpg"" 
                         alt=""Image 8"" 
                         style=""width: 300px; height: auto; display: block;"">
                  </button>
                  <div style=""margin-top: 50px; font-weight: bold;"">B</div>
                </div><div style=""display: flex; flex-direction: column; align-items: center;"">
                  <button class=""jspsych-btn"" style=""padding: 0; border: none; background: none;"">
                    <img src=""https://raw.githubusercontent.com/ucsd-psych201a/yu2007/7bcb1cdc5b4b7353d59e9a094362a2834d72f3fa/stimuli/condition2/image/4.jpg"" 
                         alt=""Image 4"" 
                         style=""width: 300px; height: auto; display: block;"">
                  </button>
                  <div style=""margin-top: 50px; font-weight: bold;"">C</div>
                </div><div style=""display: flex; flex-direction: column; align-items: center;"">
                  <button class=""jspsych-btn"" style=""padding: 0; border: none; background: none;"">
                    <img src=""https://raw.githubusercontent.com/ucsd-psych201a/yu2007/7bcb1cdc5b4b7353d59e9a094362a2834d72f3fa/stimuli/condition2/image/6.jpg"" 
                         alt=""Image 6"" 
                         style=""width: 300px; height: auto; display: block;"">
                  </button>
                  <div style=""margin-top: 50px; font-weight: bold;"">D</div>
                </div>
        </div>
      </div>
    ","1","","","","","","B","8","B","true","5742"
"","7046","html-button-response","124","2.0.0","493641","
      <div style=""text-align: center;"">
        <p style=""margin-bottom: 30px; font-weight: bold;font-size: 36px;"">Listen to the audio and select the matching image:</p>
        <audio src=""https://raw.githubusercontent.com/ucsd-psych201a/yu2007/7bcb1cdc5b4b7353d59e9a094362a2834d72f3fa/stimuli/condition2/audio/9.mp3"" autoplay></audio>
        <div style=""display: flex; justify-content: center; gap: 20px; margin-top: 20px;"">
          <div style=""display: flex; flex-direction: column; align-items: center;"">
                  <button class=""jspsych-btn"" style=""padding: 0; border: none; background: none;"">
                    <img src=""https://raw.githubusercontent.com/ucsd-psych201a/yu2007/7bcb1cdc5b4b7353d59e9a094362a2834d72f3fa/stimuli/condition2/image/9.jpg"" 
                         alt=""Image 9"" 
                         style=""width: 300px; height: auto; display: block;"">
                  </button>
                  <div style=""margin-top: 50px; font-weight: bold;"">A</div>
                </div><div style=""display: flex; flex-direction: column; align-items: center;"">
                  <button class=""jspsych-btn"" style=""padding: 0; border: none; background: none;"">
                    <img src=""https://raw.githubusercontent.com/ucsd-psych201a/yu2007/7bcb1cdc5b4b7353d59e9a094362a2834d72f3fa/stimuli/condition2/image/7.jpg"" 
                         alt=""Image 7"" 
                         style=""width: 300px; height: auto; display: block;"">
                  </button>
                  <div style=""margin-top: 50px; font-weight: bold;"">B</div>
                </div><div style=""display: flex; flex-direction: column; align-items: center;"">
                  <button class=""jspsych-btn"" style=""padding: 0; border: none; background: none;"">
                    <img src=""https://raw.githubusercontent.com/ucsd-psych201a/yu2007/7bcb1cdc5b4b7353d59e9a094362a2834d72f3fa/stimuli/condition2/image/16.jpg"" 
                         alt=""Image 16"" 
                         style=""width: 300px; height: auto; display: block;"">
                  </button>
                  <div style=""margin-top: 50px; font-weight: bold;"">C</div>
                </div><div style=""display: flex; flex-direction: column; align-items: center;"">
                  <button class=""jspsych-btn"" style=""padding: 0; border: none; background: none;"">
                    <img src=""https://raw.githubusercontent.com/ucsd-psych201a/yu2007/7bcb1cdc5b4b7353d59e9a094362a2834d72f3fa/stimuli/condition2/image/2.jpg"" 
                         alt=""Image 2"" 
                         style=""width: 300px; height: auto; display: block;"">
                  </button>
                  <div style=""margin-top: 50px; font-weight: bold;"">D</div>
                </div>
        </div>
      </div>
    ","0","","","","","","A","9","A","true","7046"
"","2695","html-button-response","125","2.0.0","496338","
      <div style=""text-align: center;"">
        <p style=""margin-bottom: 30px; font-weight: bold;font-size: 36px;"">Listen to the audio and select the matching image:</p>
        <audio src=""https://raw.githubusercontent.com/ucsd-psych201a/yu2007/7bcb1cdc5b4b7353d59e9a094362a2834d72f3fa/stimuli/condition2/audio/10.mp3"" autoplay></audio>
        <div style=""display: flex; justify-content: center; gap: 20px; margin-top: 20px;"">
          <div style=""display: flex; flex-direction: column; align-items: center;"">
                  <button class=""jspsych-btn"" style=""padding: 0; border: none; background: none;"">
                    <img src=""https://raw.githubusercontent.com/ucsd-psych201a/yu2007/7bcb1cdc5b4b7353d59e9a094362a2834d72f3fa/stimuli/condition2/image/6.jpg"" 
                         alt=""Image 6"" 
                         style=""width: 300px; height: auto; display: block;"">
                  </button>
                  <div style=""margin-top: 50px; font-weight: bold;"">A</div>
                </div><div style=""display: flex; flex-direction: column; align-items: center;"">
                  <button class=""jspsych-btn"" style=""padding: 0; border: none; background: none;"">
                    <img src=""https://raw.githubusercontent.com/ucsd-psych201a/yu2007/7bcb1cdc5b4b7353d59e9a094362a2834d72f3fa/stimuli/condition2/image/10.jpg"" 
                         alt=""Image 10"" 
                         style=""width: 300px; height: auto; display: block;"">
                  </button>
                  <div style=""margin-top: 50px; font-weight: bold;"">B</div>
                </div><div style=""display: flex; flex-direction: column; align-items: center;"">
                  <button class=""jspsych-btn"" style=""padding: 0; border: none; background: none;"">
                    <img src=""https://raw.githubusercontent.com/ucsd-psych201a/yu2007/7bcb1cdc5b4b7353d59e9a094362a2834d72f3fa/stimuli/condition2/image/13.jpg"" 
                         alt=""Image 13"" 
                         style=""width: 300px; height: auto; display: block;"">
                  </button>
                  <div style=""margin-top: 50px; font-weight: bold;"">C</div>
                </div><div style=""display: flex; flex-direction: column; align-items: center;"">
                  <button class=""jspsych-btn"" style=""padding: 0; border: none; background: none;"">
                    <img src=""https://raw.githubusercontent.com/ucsd-psych201a/yu2007/7bcb1cdc5b4b7353d59e9a094362a2834d72f3fa/stimuli/condition2/image/7.jpg"" 
                         alt=""Image 7"" 
                         style=""width: 300px; height: auto; display: block;"">
                  </button>
                  <div style=""margin-top: 50px; font-weight: bold;"">D</div>
                </div>
        </div>
      </div>
    ","1","","","","","","B","10","B","true","2695"
"","6998","html-button-response","126","2.0.0","503338","
      <div style=""text-align: center;"">
        <p style=""margin-bottom: 30px; font-weight: bold;font-size: 36px;"">Listen to the audio and select the matching image:</p>
        <audio src=""https://raw.githubusercontent.com/ucsd-psych201a/yu2007/7bcb1cdc5b4b7353d59e9a094362a2834d72f3fa/stimuli/condition2/audio/11.mp3"" autoplay></audio>
        <div style=""display: flex; justify-content: center; gap: 20px; margin-top: 20px;"">
          <div style=""display: flex; flex-direction: column; align-items: center;"">
                  <button class=""jspsych-btn"" style=""padding: 0; border: none; background: none;"">
                    <img src=""https://raw.githubusercontent.com/ucsd-psych201a/yu2007/7bcb1cdc5b4b7353d59e9a094362a2834d72f3fa/stimuli/condition2/image/1.jpg"" 
                         alt=""Image 1"" 
                         style=""width: 300px; height: auto; display: block;"">
                  </button>
                  <div style=""margin-top: 50px; font-weight: bold;"">A</div>
                </div><div style=""display: flex; flex-direction: column; align-items: center;"">
                  <button class=""jspsych-btn"" style=""padding: 0; border: none; background: none;"">
                    <img src=""https://raw.githubusercontent.com/ucsd-psych201a/yu2007/7bcb1cdc5b4b7353d59e9a094362a2834d72f3fa/stimuli/condition2/image/12.jpg"" 
                         alt=""Image 12"" 
                         style=""width: 300px; height: auto; display: block;"">
                  </button>
                  <div style=""margin-top: 50px; font-weight: bold;"">B</div>
                </div><div style=""display: flex; flex-direction: column; align-items: center;"">
                  <button class=""jspsych-btn"" style=""padding: 0; border: none; background: none;"">
                    <img src=""https://raw.githubusercontent.com/ucsd-psych201a/yu2007/7bcb1cdc5b4b7353d59e9a094362a2834d72f3fa/stimuli/condition2/image/11.jpg"" 
                         alt=""Image 11"" 
                         style=""width: 300px; height: auto; display: block;"">
                  </button>
                  <div style=""margin-top: 50px; font-weight: bold;"">C</div>
                </div><div style=""display: flex; flex-direction: column; align-items: center;"">
                  <button class=""jspsych-btn"" style=""padding: 0; border: none; background: none;"">
                    <img src=""https://raw.githubusercontent.com/ucsd-psych201a/yu2007/7bcb1cdc5b4b7353d59e9a094362a2834d72f3fa/stimuli/condition2/image/16.jpg"" 
                         alt=""Image 16"" 
                         style=""width: 300px; height: auto; display: block;"">
                  </button>
                  <div style=""margin-top: 50px; font-weight: bold;"">D</div>
                </div>
        </div>
      </div>
    ","3","","","","","","C","11","D","false","6998"
"","4110","html-button-response","127","2.0.0","507450","
      <div style=""text-align: center;"">
        <p style=""margin-bottom: 30px; font-weight: bold;font-size: 36px;"">Listen to the audio and select the matching image:</p>
        <audio src=""https://raw.githubusercontent.com/ucsd-psych201a/yu2007/7bcb1cdc5b4b7353d59e9a094362a2834d72f3fa/stimuli/condition2/audio/12.mp3"" autoplay></audio>
        <div style=""display: flex; justify-content: center; gap: 20px; margin-top: 20px;"">
          <div style=""display: flex; flex-direction: column; align-items: center;"">
                  <button class=""jspsych-btn"" style=""padding: 0; border: none; background: none;"">
                    <img src=""https://raw.githubusercontent.com/ucsd-psych201a/yu2007/7bcb1cdc5b4b7353d59e9a094362a2834d72f3fa/stimuli/condition2/image/2.jpg"" 
                         alt=""Image 2"" 
                         style=""width: 300px; height: auto; display: block;"">
                  </button>
                  <div style=""margin-top: 50px; font-weight: bold;"">A</div>
                </div><div style=""display: flex; flex-direction: column; align-items: center;"">
                  <button class=""jspsych-btn"" style=""padding: 0; border: none; background: none;"">
                    <img src=""https://raw.githubusercontent.com/ucsd-psych201a/yu2007/7bcb1cdc5b4b7353d59e9a094362a2834d72f3fa/stimuli/condition2/image/17.jpg"" 
                         alt=""Image 17"" 
                         style=""width: 300px; height: auto; display: block;"">
                  </button>
                  <div style=""margin-top: 50px; font-weight: bold;"">B</div>
                </div><div style=""display: flex; flex-direction: column; align-items: center;"">
                  <button class=""jspsych-btn"" style=""padding: 0; border: none; background: none;"">
                    <img src=""https://raw.githubusercontent.com/ucsd-psych201a/yu2007/7bcb1cdc5b4b7353d59e9a094362a2834d72f3fa/stimuli/condition2/image/12.jpg"" 
                         alt=""Image 12"" 
                         style=""width: 300px; height: auto; display: block;"">
                  </button>
                  <div style=""margin-top: 50px; font-weight: bold;"">C</div>
                </div><div style=""display: flex; flex-direction: column; align-items: center;"">
                  <button class=""jspsych-btn"" style=""padding: 0; border: none; background: none;"">
                    <img src=""https://raw.githubusercontent.com/ucsd-psych201a/yu2007/7bcb1cdc5b4b7353d59e9a094362a2834d72f3fa/stimuli/condition2/image/16.jpg"" 
                         alt=""Image 16"" 
                         style=""width: 300px; height: auto; display: block;"">
                  </button>
                  <div style=""margin-top: 50px; font-weight: bold;"">D</div>
                </div>
        </div>
      </div>
    ","3","","","","","","C","12","D","false","4110"
"","4952","html-button-response","128","2.0.0","512403","
      <div style=""text-align: center;"">
        <p style=""margin-bottom: 30px; font-weight: bold;font-size: 36px;"">Listen to the audio and select the matching image:</p>
        <audio src=""https://raw.githubusercontent.com/ucsd-psych201a/yu2007/7bcb1cdc5b4b7353d59e9a094362a2834d72f3fa/stimuli/condition2/audio/13.mp3"" autoplay></audio>
        <div style=""display: flex; justify-content: center; gap: 20px; margin-top: 20px;"">
          <div style=""display: flex; flex-direction: column; align-items: center;"">
                  <button class=""jspsych-btn"" style=""padding: 0; border: none; background: none;"">
                    <img src=""https://raw.githubusercontent.com/ucsd-psych201a/yu2007/7bcb1cdc5b4b7353d59e9a094362a2834d72f3fa/stimuli/condition2/image/3.jpg"" 
                         alt=""Image 3"" 
                         style=""width: 300px; height: auto; display: block;"">
                  </button>
                  <div style=""margin-top: 50px; font-weight: bold;"">A</div>
                </div><div style=""display: flex; flex-direction: column; align-items: center;"">
                  <button class=""jspsych-btn"" style=""padding: 0; border: none; background: none;"">
                    <img src=""https://raw.githubusercontent.com/ucsd-psych201a/yu2007/7bcb1cdc5b4b7353d59e9a094362a2834d72f3fa/stimuli/condition2/image/13.jpg"" 
                         alt=""Image 13"" 
                         style=""width: 300px; height: auto; display: block;"">
                  </button>
                  <div style=""margin-top: 50px; font-weight: bold;"">B</div>
                </div><div style=""display: flex; flex-direction: column; align-items: center;"">
                  <button class=""jspsych-btn"" style=""padding: 0; border: none; background: none;"">
                    <img src=""https://raw.githubusercontent.com/ucsd-psych201a/yu2007/7bcb1cdc5b4b7353d59e9a094362a2834d72f3fa/stimuli/condition2/image/11.jpg"" 
                         alt=""Image 11"" 
                         style=""width: 300px; height: auto; display: block;"">
                  </button>
                  <div style=""margin-top: 50px; font-weight: bold;"">C</div>
                </div><div style=""display: flex; flex-direction: column; align-items: center;"">
                  <button class=""jspsych-btn"" style=""padding: 0; border: none; background: none;"">
                    <img src=""https://raw.githubusercontent.com/ucsd-psych201a/yu2007/7bcb1cdc5b4b7353d59e9a094362a2834d72f3fa/stimuli/condition2/image/18.jpg"" 
                         alt=""Image 18"" 
                         style=""width: 300px; height: auto; display: block;"">
                  </button>
                  <div style=""margin-top: 50px; font-weight: bold;"">D</div>
                </div>
        </div>
      </div>
    ","0","","","","","","B","13","A","false","4952"
"","8781","html-button-response","129","2.0.0","521186","
      <div style=""text-align: center;"">
        <p style=""margin-bottom: 30px; font-weight: bold;font-size: 36px;"">Listen to the audio and select the matching image:</p>
        <audio src=""https://raw.githubusercontent.com/ucsd-psych201a/yu2007/7bcb1cdc5b4b7353d59e9a094362a2834d72f3fa/stimuli/condition2/audio/14.mp3"" autoplay></audio>
        <div style=""display: flex; justify-content: center; gap: 20px; margin-top: 20px;"">
          <div style=""display: flex; flex-direction: column; align-items: center;"">
                  <button class=""jspsych-btn"" style=""padding: 0; border: none; background: none;"">
                    <img src=""https://raw.githubusercontent.com/ucsd-psych201a/yu2007/7bcb1cdc5b4b7353d59e9a094362a2834d72f3fa/stimuli/condition2/image/7.jpg"" 
                         alt=""Image 7"" 
                         style=""width: 300px; height: auto; display: block;"">
                  </button>
                  <div style=""margin-top: 50px; font-weight: bold;"">A</div>
                </div><div style=""display: flex; flex-direction: column; align-items: center;"">
                  <button class=""jspsych-btn"" style=""padding: 0; border: none; background: none;"">
                    <img src=""https://raw.githubusercontent.com/ucsd-psych201a/yu2007/7bcb1cdc5b4b7353d59e9a094362a2834d72f3fa/stimuli/condition2/image/5.jpg"" 
                         alt=""Image 5"" 
                         style=""width: 300px; height: auto; display: block;"">
                  </button>
                  <div style=""margin-top: 50px; font-weight: bold;"">B</div>
                </div><div style=""display: flex; flex-direction: column; align-items: center;"">
                  <button class=""jspsych-btn"" style=""padding: 0; border: none; background: none;"">
                    <img src=""https://raw.githubusercontent.com/ucsd-psych201a/yu2007/7bcb1cdc5b4b7353d59e9a094362a2834d72f3fa/stimuli/condition2/image/16.jpg"" 
                         alt=""Image 16"" 
                         style=""width: 300px; height: auto; display: block;"">
                  </button>
                  <div style=""margin-top: 50px; font-weight: bold;"">C</div>
                </div><div style=""display: flex; flex-direction: column; align-items: center;"">
                  <button class=""jspsych-btn"" style=""padding: 0; border: none; background: none;"">
                    <img src=""https://raw.githubusercontent.com/ucsd-psych201a/yu2007/7bcb1cdc5b4b7353d59e9a094362a2834d72f3fa/stimuli/condition2/image/14.jpg"" 
                         alt=""Image 14"" 
                         style=""width: 300px; height: auto; display: block;"">
                  </button>
                  <div style=""margin-top: 50px; font-weight: bold;"">D</div>
                </div>
        </div>
      </div>
    ","3","","","","","","D","14","D","true","8781"
"","3814","html-button-response","130","2.0.0","525002","
      <div style=""text-align: center;"">
        <p style=""margin-bottom: 30px; font-weight: bold;font-size: 36px;"">Listen to the audio and select the matching image:</p>
        <audio src=""https://raw.githubusercontent.com/ucsd-psych201a/yu2007/7bcb1cdc5b4b7353d59e9a094362a2834d72f3fa/stimuli/condition2/audio/15.mp3"" autoplay></audio>
        <div style=""display: flex; justify-content: center; gap: 20px; margin-top: 20px;"">
          <div style=""display: flex; flex-direction: column; align-items: center;"">
                  <button class=""jspsych-btn"" style=""padding: 0; border: none; background: none;"">
                    <img src=""https://raw.githubusercontent.com/ucsd-psych201a/yu2007/7bcb1cdc5b4b7353d59e9a094362a2834d72f3fa/stimuli/condition2/image/6.jpg"" 
                         alt=""Image 6"" 
                         style=""width: 300px; height: auto; display: block;"">
                  </button>
                  <div style=""margin-top: 50px; font-weight: bold;"">A</div>
                </div><div style=""display: flex; flex-direction: column; align-items: center;"">
                  <button class=""jspsych-btn"" style=""padding: 0; border: none; background: none;"">
                    <img src=""https://raw.githubusercontent.com/ucsd-psych201a/yu2007/7bcb1cdc5b4b7353d59e9a094362a2834d72f3fa/stimuli/condition2/image/15.jpg"" 
                         alt=""Image 15"" 
                         style=""width: 300px; height: auto; display: block;"">
                  </button>
                  <div style=""margin-top: 50px; font-weight: bold;"">B</div>
                </div><div style=""display: flex; flex-direction: column; align-items: center;"">
                  <button class=""jspsych-btn"" style=""padding: 0; border: none; background: none;"">
                    <img src=""https://raw.githubusercontent.com/ucsd-psych201a/yu2007/7bcb1cdc5b4b7353d59e9a094362a2834d72f3fa/stimuli/condition2/image/17.jpg"" 
                         alt=""Image 17"" 
                         style=""width: 300px; height: auto; display: block;"">
                  </button>
                  <div style=""margin-top: 50px; font-weight: bold;"">C</div>
                </div><div style=""display: flex; flex-direction: column; align-items: center;"">
                  <button class=""jspsych-btn"" style=""padding: 0; border: none; background: none;"">
                    <img src=""https://raw.githubusercontent.com/ucsd-psych201a/yu2007/7bcb1cdc5b4b7353d59e9a094362a2834d72f3fa/stimuli/condition2/image/12.jpg"" 
                         alt=""Image 12"" 
                         style=""width: 300px; height: auto; display: block;"">
                  </button>
                  <div style=""margin-top: 50px; font-weight: bold;"">D</div>
                </div>
        </div>
      </div>
    ","2","","","","","","B","15","C","false","3814"
"","3270","html-button-response","131","2.0.0","528273","
      <div style=""text-align: center;"">
        <p style=""margin-bottom: 30px; font-weight: bold;font-size: 36px;"">Listen to the audio and select the matching image:</p>
        <audio src=""https://raw.githubusercontent.com/ucsd-psych201a/yu2007/7bcb1cdc5b4b7353d59e9a094362a2834d72f3fa/stimuli/condition2/audio/16.mp3"" autoplay></audio>
        <div style=""display: flex; justify-content: center; gap: 20px; margin-top: 20px;"">
          <div style=""display: flex; flex-direction: column; align-items: center;"">
                  <button class=""jspsych-btn"" style=""padding: 0; border: none; background: none;"">
                    <img src=""https://raw.githubusercontent.com/ucsd-psych201a/yu2007/7bcb1cdc5b4b7353d59e9a094362a2834d72f3fa/stimuli/condition2/image/7.jpg"" 
                         alt=""Image 7"" 
                         style=""width: 300px; height: auto; display: block;"">
                  </button>
                  <div style=""margin-top: 50px; font-weight: bold;"">A</div>
                </div><div style=""display: flex; flex-direction: column; align-items: center;"">
                  <button class=""jspsych-btn"" style=""padding: 0; border: none; background: none;"">
                    <img src=""https://raw.githubusercontent.com/ucsd-psych201a/yu2007/7bcb1cdc5b4b7353d59e9a094362a2834d72f3fa/stimuli/condition2/image/12.jpg"" 
                         alt=""Image 12"" 
                         style=""width: 300px; height: auto; display: block;"">
                  </button>
                  <div style=""margin-top: 50px; font-weight: bold;"">B</div>
                </div><div style=""display: flex; flex-direction: column; align-items: center;"">
                  <button class=""jspsych-btn"" style=""padding: 0; border: none; background: none;"">
                    <img src=""https://raw.githubusercontent.com/ucsd-psych201a/yu2007/7bcb1cdc5b4b7353d59e9a094362a2834d72f3fa/stimuli/condition2/image/1.jpg"" 
                         alt=""Image 1"" 
                         style=""width: 300px; height: auto; display: block;"">
                  </button>
                  <div style=""margin-top: 50px; font-weight: bold;"">C</div>
                </div><div style=""display: flex; flex-direction: column; align-items: center;"">
                  <button class=""jspsych-btn"" style=""padding: 0; border: none; background: none;"">
                    <img src=""https://raw.githubusercontent.com/ucsd-psych201a/yu2007/7bcb1cdc5b4b7353d59e9a094362a2834d72f3fa/stimuli/condition2/image/16.jpg"" 
                         alt=""Image 16"" 
                         style=""width: 300px; height: auto; display: block;"">
                  </button>
                  <div style=""margin-top: 50px; font-weight: bold;"">D</div>
                </div>
        </div>
      </div>
    ","3","","","","","","D","16","D","true","3270"
"","4615","html-button-response","132","2.0.0","532891","
      <div style=""text-align: center;"">
        <p style=""margin-bottom: 30px; font-weight: bold;font-size: 36px;"">Listen to the audio and select the matching image:</p>
        <audio src=""https://raw.githubusercontent.com/ucsd-psych201a/yu2007/7bcb1cdc5b4b7353d59e9a094362a2834d72f3fa/stimuli/condition2/audio/17.mp3"" autoplay></audio>
        <div style=""display: flex; justify-content: center; gap: 20px; margin-top: 20px;"">
          <div style=""display: flex; flex-direction: column; align-items: center;"">
                  <button class=""jspsych-btn"" style=""padding: 0; border: none; background: none;"">
                    <img src=""https://raw.githubusercontent.com/ucsd-psych201a/yu2007/7bcb1cdc5b4b7353d59e9a094362a2834d72f3fa/stimuli/condition2/image/4.jpg"" 
                         alt=""Image 4"" 
                         style=""width: 300px; height: auto; display: block;"">
                  </button>
                  <div style=""margin-top: 50px; font-weight: bold;"">A</div>
                </div><div style=""display: flex; flex-direction: column; align-items: center;"">
                  <button class=""jspsych-btn"" style=""padding: 0; border: none; background: none;"">
                    <img src=""https://raw.githubusercontent.com/ucsd-psych201a/yu2007/7bcb1cdc5b4b7353d59e9a094362a2834d72f3fa/stimuli/condition2/image/6.jpg"" 
                         alt=""Image 6"" 
                         style=""width: 300px; height: auto; display: block;"">
                  </button>
                  <div style=""margin-top: 50px; font-weight: bold;"">B</div>
                </div><div style=""display: flex; flex-direction: column; align-items: center;"">
                  <button class=""jspsych-btn"" style=""padding: 0; border: none; background: none;"">
                    <img src=""https://raw.githubusercontent.com/ucsd-psych201a/yu2007/7bcb1cdc5b4b7353d59e9a094362a2834d72f3fa/stimuli/condition2/image/2.jpg"" 
                         alt=""Image 2"" 
                         style=""width: 300px; height: auto; display: block;"">
                  </button>
                  <div style=""margin-top: 50px; font-weight: bold;"">C</div>
                </div><div style=""display: flex; flex-direction: column; align-items: center;"">
                  <button class=""jspsych-btn"" style=""padding: 0; border: none; background: none;"">
                    <img src=""https://raw.githubusercontent.com/ucsd-psych201a/yu2007/7bcb1cdc5b4b7353d59e9a094362a2834d72f3fa/stimuli/condition2/image/17.jpg"" 
                         alt=""Image 17"" 
                         style=""width: 300px; height: auto; display: block;"">
                  </button>
                  <div style=""margin-top: 50px; font-weight: bold;"">D</div>
                </div>
        </div>
      </div>
    ","0","","","","","","D","17","A","false","4615"
"","4222","html-button-response","133","2.0.0","537114","
      <div style=""text-align: center;"">
        <p style=""margin-bottom: 30px; font-weight: bold;font-size: 36px;"">Listen to the audio and select the matching image:</p>
        <audio src=""https://raw.githubusercontent.com/ucsd-psych201a/yu2007/7bcb1cdc5b4b7353d59e9a094362a2834d72f3fa/stimuli/condition2/audio/18.mp3"" autoplay></audio>
        <div style=""display: flex; justify-content: center; gap: 20px; margin-top: 20px;"">
          <div style=""display: flex; flex-direction: column; align-items: center;"">
                  <button class=""jspsych-btn"" style=""padding: 0; border: none; background: none;"">
                    <img src=""https://raw.githubusercontent.com/ucsd-psych201a/yu2007/7bcb1cdc5b4b7353d59e9a094362a2834d72f3fa/stimuli/condition2/image/3.jpg"" 
                         alt=""Image 3"" 
                         style=""width: 300px; height: auto; display: block;"">
                  </button>
                  <div style=""margin-top: 50px; font-weight: bold;"">A</div>
                </div><div style=""display: flex; flex-direction: column; align-items: center;"">
                  <button class=""jspsych-btn"" style=""padding: 0; border: none; background: none;"">
                    <img src=""https://raw.githubusercontent.com/ucsd-psych201a/yu2007/7bcb1cdc5b4b7353d59e9a094362a2834d72f3fa/stimuli/condition2/image/18.jpg"" 
                         alt=""Image 18"" 
                         style=""width: 300px; height: auto; display: block;"">
                  </button>
                  <div style=""margin-top: 50px; font-weight: bold;"">B</div>
                </div><div style=""display: flex; flex-direction: column; align-items: center;"">
                  <button class=""jspsych-btn"" style=""padding: 0; border: none; background: none;"">
                    <img src=""https://raw.githubusercontent.com/ucsd-psych201a/yu2007/7bcb1cdc5b4b7353d59e9a094362a2834d72f3fa/stimuli/condition2/image/17.jpg"" 
                         alt=""Image 17"" 
                         style=""width: 300px; height: auto; display: block;"">
                  </button>
                  <div style=""margin-top: 50px; font-weight: bold;"">C</div>
                </div><div style=""display: flex; flex-direction: column; align-items: center;"">
                  <button class=""jspsych-btn"" style=""padding: 0; border: none; background: none;"">
                    <img src=""https://raw.githubusercontent.com/ucsd-psych201a/yu2007/7bcb1cdc5b4b7353d59e9a094362a2834d72f3fa/stimuli/condition2/image/12.jpg"" 
                         alt=""Image 12"" 
                         style=""width: 300px; height: auto; display: block;"">
                  </button>
                  <div style=""margin-top: 50px; font-weight: bold;"">D</div>
                </div>
        </div>
      </div>
    ","1","","","","","","B","18","B","true","4222"
